[gd_scene load_steps=24 format=3 uid="uid://qd2dr56t0uk1"]

[ext_resource type="PackedScene" uid="uid://7ohxd0qm20qn" path="res://scenes/player.tscn" id="3_stshx"]
[ext_resource type="Script" path="res://scripts/game_manager.gd" id="3_xifi4"]
[ext_resource type="Material" uid="uid://wrr7reshtt80" path="res://materials/ground.tres" id="4_15bx4"]
[ext_resource type="Script" path="res://scripts/camera_controller.gd" id="4_aelyh"]
[ext_resource type="PackedScene" path="res://scenes/crow_spawner.tscn" id="6_02e48"]
[ext_resource type="PackedScene" path="res://scenes/tumbleweed_spawner.tscn" id="7_ar1gb"]
[ext_resource type="PackedScene" uid="uid://r65iy714h0ti" path="res://scenes/UI/game_ui.tscn" id="8_uhfyn"]
[ext_resource type="PackedScene" uid="uid://cq7tqfe1mnjt" path="res://scenes/UI/GameOver.tscn" id="9_3yrix"]
[ext_resource type="Script" path="res://addons/ScatterTool/scatter_tool.gd" id="9_etvlb"]
[ext_resource type="Script" path="res://addons/ScatterTool/foliage_data.gd" id="10_dsg0b"]
[ext_resource type="Script" path="res://addons/ScatterTool/object_data.gd" id="11_gk061"]
[ext_resource type="Script" path="res://addons/ScatterTool/scene_data.gd" id="12_tfpec"]
[ext_resource type="PackedScene" uid="uid://b4umejt5tcvmj" path="res://scenes/rock_01.tscn" id="13_1mer4"]
[ext_resource type="PackedScene" uid="uid://b8er2vinep6dj" path="res://scenes/rock_small_01.tscn" id="14_wh3km"]
[ext_resource type="Script" path="res://addons/ScatterTool/scatter_data.gd" id="15_a04lp"]

[sub_resource type="ProceduralSkyMaterial" id="ProceduralSkyMaterial_dheg4"]

[sub_resource type="Sky" id="Sky_vf68a"]
sky_material = SubResource("ProceduralSkyMaterial_dheg4")

[sub_resource type="Environment" id="Environment_afun3"]
background_mode = 2
sky = SubResource("Sky_vf68a")

[sub_resource type="PlaneMesh" id="PlaneMesh_4l2np"]
size = Vector2(10000, 10000)

[sub_resource type="WorldBoundaryShape3D" id="WorldBoundaryShape3D_l5nr7"]

[sub_resource type="Resource" id="Resource_yn7hr"]
script = ExtResource("12_tfpec")
scene = ExtResource("13_1mer4")
num = 400

[sub_resource type="Resource" id="Resource_3kjx5"]
script = ExtResource("12_tfpec")
scene = ExtResource("14_wh3km")
num = 400

[sub_resource type="Resource" id="Resource_woep0"]
script = ExtResource("15_a04lp")
foliage_data = Array[ExtResource("10_dsg0b")]([])
object_data = Array[ExtResource("11_gk061")]([])
scene_data = Array[ExtResource("12_tfpec")]([SubResource("Resource_yn7hr"), SubResource("Resource_3kjx5")])

[node name="World" type="Node3D"]

[node name="GameManager" type="Node" parent="." node_paths=PackedStringArray("player", "game_over_screen")]
script = ExtResource("3_xifi4")
player = NodePath("../Player")
game_over_screen = NodePath("../GameOver")

[node name="WorldEnvironment" type="WorldEnvironment" parent="."]
environment = SubResource("Environment_afun3")

[node name="DirectionalLight3D" type="DirectionalLight3D" parent="WorldEnvironment"]
transform = Transform3D(0.866025, -0.375609, 0.330027, 0, 0.660054, 0.751218, -0.5, -0.650574, 0.571624, 0, 9.35454, 0)
shadow_enabled = true

[node name="Ground" type="StaticBody3D" parent="."]

[node name="PlaneMesh" type="MeshInstance3D" parent="Ground"]
material_override = ExtResource("4_15bx4")
mesh = SubResource("PlaneMesh_4l2np")
skeleton = NodePath("../GroudCollider")

[node name="GroudCollider" type="CollisionShape3D" parent="Ground"]
shape = SubResource("WorldBoundaryShape3D_l5nr7")

[node name="Player" parent="." instance=ExtResource("3_stshx")]

[node name="Camera3D" type="Camera3D" parent="." node_paths=PackedStringArray("target")]
transform = Transform3D(1, 0, 0, 0, 0.985949, 0.167044, 0, -0.167044, 0.985949, 0, 6, 10)
script = ExtResource("4_aelyh")
lerp_speed = 20.0
target = NodePath("../Player")
offset = Vector3(0, 8, 8)

[node name="CrowSpawner" parent="." node_paths=PackedStringArray("player_ref") instance=ExtResource("6_02e48")]
player_ref = NodePath("../Player")
spawn_radius = 40.0
spawn_interval = 10.0

[node name="TumbleweedSpawner" parent="." node_paths=PackedStringArray("player_ref") instance=ExtResource("7_ar1gb")]
player_ref = NodePath("../Player")
tumbleweed_speed = 7.0
tumbleweed_perish_distance = 100.0
spawn_radius = 75.0
spawn_interval = 30.0

[node name="GameUI" parent="." instance=ExtResource("8_uhfyn")]

[node name="GameOver" parent="." instance=ExtResource("9_3yrix")]
visible = false

[node name="ScatterTool" type="Node3D" parent="."]
script = ExtResource("9_etvlb")
scatter_range = 1000.0
instance_distance = 100.0
update_distance = 100.0
scatter_data = SubResource("Resource_woep0")

[node name="Rock01" parent="ScatterTool" instance=ExtResource("13_1mer4")]
transform = Transform3D(0.686481, 0, 0.727148, 0, 1, 0, -0.727148, 0, 0.686481, -184.886, 0, 96.9178)

[node name="Rock01_1" parent="ScatterTool" instance=ExtResource("13_1mer4")]
transform = Transform3D(0.693487, 0, -0.720469, 0, 1, 0, 0.720469, 0, 0.693487, -194.997, 0, -147.624)

[node name="Rock01_2" parent="ScatterTool" instance=ExtResource("13_1mer4")]
transform = Transform3D(-0.296676, 0, 0.954978, 0, 1, 0, -0.954978, 0, -0.296676, 71.4242, 0, 56.8805)

[node name="Rock01_3" parent="ScatterTool" instance=ExtResource("13_1mer4")]
transform = Transform3D(-0.872413, 0, -0.488769, 0, 1, 0, 0.488769, 0, -0.872413, 563.224, 0, 979.053)

[node name="Rock01_4" parent="ScatterTool" instance=ExtResource("13_1mer4")]
transform = Transform3D(0.928378, 0, -0.371639, 0, 1, 0, 0.371639, 0, 0.928378, 569.965, 0, -834.228)

[node name="Rock01_5" parent="ScatterTool" instance=ExtResource("13_1mer4")]
transform = Transform3D(-0.99695, 0, 0.0780446, 0, 1, 0, -0.0780446, 0, -0.99695, 673.359, 0, 181.125)

[node name="Rock01_6" parent="ScatterTool" instance=ExtResource("13_1mer4")]
transform = Transform3D(0.627337, 0, -0.778748, 0, 1, 0, 0.778748, 0, 0.627337, -747.877, 0, -594.443)

[node name="Rock01_7" parent="ScatterTool" instance=ExtResource("13_1mer4")]
transform = Transform3D(0.860533, 0, -0.509395, 0, 1, 0, 0.509395, 0, 0.860533, -551.143, 0, -929.215)

[node name="Rock01_8" parent="ScatterTool" instance=ExtResource("13_1mer4")]
transform = Transform3D(-0.596978, 0, 0.802258, 0, 1, 0, -0.802258, 0, -0.596978, -798.671, 0, 370.764)

[node name="Rock01_9" parent="ScatterTool" instance=ExtResource("13_1mer4")]
transform = Transform3D(0.931891, 0, -0.362737, 0, 1, 0, 0.362737, 0, 0.931891, 803.771, 0, -84.503)

[node name="Rock01_10" parent="ScatterTool" instance=ExtResource("13_1mer4")]
transform = Transform3D(0.311514, 0, -0.950242, 0, 1, 0, 0.950242, 0, 0.311514, -334.307, 0, -748.498)

[node name="Rock01_11" parent="ScatterTool" instance=ExtResource("13_1mer4")]
transform = Transform3D(0.119074, 0, 0.992885, 0, 1, 0, -0.992885, 0, 0.119074, -547.648, 0, -305.982)

[node name="Rock01_12" parent="ScatterTool" instance=ExtResource("13_1mer4")]
transform = Transform3D(0.79539, 0, 0.606099, 0, 1, 0, -0.606099, 0, 0.79539, -725.769, 0, -275.845)

[node name="Rock01_13" parent="ScatterTool" instance=ExtResource("13_1mer4")]
transform = Transform3D(-0.994453, 0, -0.105181, 0, 1, 0, 0.105181, 0, -0.994453, 305.644, 0, -525.68)

[node name="Rock01_14" parent="ScatterTool" instance=ExtResource("13_1mer4")]
transform = Transform3D(0.942224, 0, 0.334984, 0, 1, 0, -0.334984, 0, 0.942224, 403.001, 0, -963.011)

[node name="Rock01_15" parent="ScatterTool" instance=ExtResource("13_1mer4")]
transform = Transform3D(0.199914, 0, -0.979813, 0, 1, 0, 0.979813, 0, 0.199914, 10.4673, 0, 877.779)

[node name="Rock01_16" parent="ScatterTool" instance=ExtResource("13_1mer4")]
transform = Transform3D(-0.724193, 0, 0.689597, 0, 1, 0, -0.689597, 0, -0.724193, 397.955, 0, -360.369)

[node name="Rock01_17" parent="ScatterTool" instance=ExtResource("13_1mer4")]
transform = Transform3D(0.760856, 0, 0.648921, 0, 1, 0, -0.648921, 0, 0.760856, -852.808, 0, 729.988)

[node name="Rock01_18" parent="ScatterTool" instance=ExtResource("13_1mer4")]
transform = Transform3D(-0.987537, 0, -0.157386, 0, 1, 0, 0.157386, 0, -0.987537, -380.958, 0, 689.363)

[node name="Rock01_19" parent="ScatterTool" instance=ExtResource("13_1mer4")]
transform = Transform3D(0.684914, 0, -0.728624, 0, 1, 0, 0.728624, 0, 0.684914, -141.096, 0, -975.876)

[node name="Rock01_20" parent="ScatterTool" instance=ExtResource("13_1mer4")]
transform = Transform3D(-0.999739, 0, -0.0228668, 0, 1, 0, 0.0228668, 0, -0.999739, -378.07, 0, -3.97975)

[node name="Rock01_21" parent="ScatterTool" instance=ExtResource("13_1mer4")]
transform = Transform3D(-0.213507, 0, -0.976942, 0, 1, 0, 0.976942, 0, -0.213507, -111.012, 0, -926.262)

[node name="Rock01_22" parent="ScatterTool" instance=ExtResource("13_1mer4")]
transform = Transform3D(-0.14211, 0, -0.989851, 0, 1, 0, 0.989851, 0, -0.14211, -916.055, 0, -742.372)

[node name="Rock01_23" parent="ScatterTool" instance=ExtResource("13_1mer4")]
transform = Transform3D(-0.900067, 0, -0.435751, 0, 1, 0, 0.435751, 0, -0.900067, -481.048, 0, 757.73)

[node name="Rock01_24" parent="ScatterTool" instance=ExtResource("13_1mer4")]
transform = Transform3D(-0.0136228, 0, -0.999907, 0, 1, 0, 0.999907, 0, -0.0136228, -16.1792, 0, -959.305)

[node name="Rock01_25" parent="ScatterTool" instance=ExtResource("13_1mer4")]
transform = Transform3D(-0.767677, 0, 0.640837, 0, 1, 0, -0.640837, 0, -0.767677, -494.441, 0, -859.297)

[node name="Rock01_26" parent="ScatterTool" instance=ExtResource("13_1mer4")]
transform = Transform3D(0.985214, 0, 0.171328, 0, 1, 0, -0.171328, 0, 0.985214, 462.474, 0, 67.3353)

[node name="Rock01_27" parent="ScatterTool" instance=ExtResource("13_1mer4")]
transform = Transform3D(0.5682, 0, -0.82289, 0, 1, 0, 0.82289, 0, 0.5682, 751.817, 0, 487.145)

[node name="Rock01_28" parent="ScatterTool" instance=ExtResource("13_1mer4")]
transform = Transform3D(0.16801, 0, 0.985785, 0, 1, 0, -0.985785, 0, 0.16801, -108.52, 0, 662.631)

[node name="Rock01_29" parent="ScatterTool" instance=ExtResource("13_1mer4")]
transform = Transform3D(0.483313, 0, -0.875447, 0, 1, 0, 0.875447, 0, 0.483313, -6.21324, 0, 769.246)

[node name="Rock01_30" parent="ScatterTool" instance=ExtResource("13_1mer4")]
transform = Transform3D(0.551955, 0, 0.833874, 0, 1, 0, -0.833874, 0, 0.551955, 499.882, 0, 214.191)

[node name="Rock01_31" parent="ScatterTool" instance=ExtResource("13_1mer4")]
transform = Transform3D(0.805714, 0, 0.592305, 0, 1, 0, -0.592305, 0, 0.805714, -598.223, 0, 573.906)

[node name="Rock01_32" parent="ScatterTool" instance=ExtResource("13_1mer4")]
transform = Transform3D(0.369836, 0, 0.929097, 0, 1, 0, -0.929097, 0, 0.369836, -813.931, 0, 5.44737)

[node name="Rock01_33" parent="ScatterTool" instance=ExtResource("13_1mer4")]
transform = Transform3D(-0.312451, 0, -0.949934, 0, 1, 0, 0.949934, 0, -0.312451, 286.556, 0, 468.602)

[node name="Rock01_34" parent="ScatterTool" instance=ExtResource("13_1mer4")]
transform = Transform3D(-0.998984, 0, 0.0450779, 0, 1, 0, -0.0450779, 0, -0.998984, 8.74396, 0, -338.016)

[node name="Rock01_35" parent="ScatterTool" instance=ExtResource("13_1mer4")]
transform = Transform3D(0.390961, 0, -0.920407, 0, 1, 0, 0.920407, 0, 0.390961, -279.195, 0, -42.9158)

[node name="Rock01_36" parent="ScatterTool" instance=ExtResource("13_1mer4")]
transform = Transform3D(-0.436309, 0, -0.899797, 0, 1, 0, 0.899797, 0, -0.436309, 917.796, 0, 247.972)

[node name="Rock01_37" parent="ScatterTool" instance=ExtResource("13_1mer4")]
transform = Transform3D(0.369156, 0, -0.929368, 0, 1, 0, 0.929368, 0, 0.369156, -663.661, 0, 758.587)

[node name="Rock01_38" parent="ScatterTool" instance=ExtResource("13_1mer4")]
transform = Transform3D(-0.234791, 0, -0.972046, 0, 1, 0, 0.972046, 0, -0.234791, 62.8853, 0, -826.892)

[node name="Rock01_39" parent="ScatterTool" instance=ExtResource("13_1mer4")]
transform = Transform3D(0.998285, 0, -0.0585473, 0, 1, 0, 0.0585473, 0, 0.998285, -128.481, 0, 611.335)

[node name="Rock01_40" parent="ScatterTool" instance=ExtResource("13_1mer4")]
transform = Transform3D(0.987517, 0, 0.157514, 0, 1, 0, -0.157514, 0, 0.987517, -368.905, 0, 963.825)

[node name="Rock01_41" parent="ScatterTool" instance=ExtResource("13_1mer4")]
transform = Transform3D(-0.0266715, 0, -0.999644, 0, 1, 0, 0.999644, 0, -0.0266715, -145.157, 0, 746.081)

[node name="Rock01_42" parent="ScatterTool" instance=ExtResource("13_1mer4")]
transform = Transform3D(-0.031798, 0, -0.999494, 0, 1, 0, 0.999494, 0, -0.031798, -326.849, 0, -687.79)

[node name="Rock01_43" parent="ScatterTool" instance=ExtResource("13_1mer4")]
transform = Transform3D(-0.853343, 0, -0.52135, 0, 1, 0, 0.52135, 0, -0.853343, -295.307, 0, 535.355)

[node name="Rock01_44" parent="ScatterTool" instance=ExtResource("13_1mer4")]
transform = Transform3D(-0.385295, 0, -0.922793, 0, 1, 0, 0.922793, 0, -0.385295, 871.844, 0, 567.396)

[node name="Rock01_45" parent="ScatterTool" instance=ExtResource("13_1mer4")]
transform = Transform3D(-0.312646, 0, -0.94987, 0, 1, 0, 0.94987, 0, -0.312646, -947.72, 0, 524.593)

[node name="Rock01_46" parent="ScatterTool" instance=ExtResource("13_1mer4")]
transform = Transform3D(-0.945354, 0, 0.326045, 0, 1, 0, -0.326045, 0, -0.945354, 456.76, 0, -836.757)

[node name="Rock01_47" parent="ScatterTool" instance=ExtResource("13_1mer4")]
transform = Transform3D(0.964631, 0, -0.263602, 0, 1, 0, 0.263602, 0, 0.964631, 787.492, 0, -421.294)

[node name="Rock01_48" parent="ScatterTool" instance=ExtResource("13_1mer4")]
transform = Transform3D(-0.861268, 0, -0.508151, 0, 1, 0, 0.508151, 0, -0.861268, -514.487, 0, -386.308)

[node name="Rock01_49" parent="ScatterTool" instance=ExtResource("13_1mer4")]
transform = Transform3D(-0.985181, 0, -0.171517, 0, 1, 0, 0.171517, 0, -0.985181, -648.511, 0, -301.813)

[node name="Rock01_50" parent="ScatterTool" instance=ExtResource("13_1mer4")]
transform = Transform3D(-0.774114, 0, -0.633046, 0, 1, 0, 0.633046, 0, -0.774114, -656.917, 0, 137.898)

[node name="Rock01_51" parent="ScatterTool" instance=ExtResource("13_1mer4")]
transform = Transform3D(-0.362783, 0, -0.931874, 0, 1, 0, 0.931874, 0, -0.362783, -620.518, 0, -165.985)

[node name="Rock01_52" parent="ScatterTool" instance=ExtResource("13_1mer4")]
transform = Transform3D(0.997951, 0, 0.0639773, 0, 1, 0, -0.0639773, 0, 0.997951, -343.395, 0, 860.367)

[node name="Rock01_53" parent="ScatterTool" instance=ExtResource("13_1mer4")]
transform = Transform3D(0.80113, 0, 0.598491, 0, 1, 0, -0.598491, 0, 0.80113, 263.878, 0, 693.166)

[node name="Rock01_54" parent="ScatterTool" instance=ExtResource("13_1mer4")]
transform = Transform3D(-0.236947, 0, 0.971523, 0, 1, 0, -0.971523, 0, -0.236947, 842.622, 0, -82.4974)

[node name="Rock01_55" parent="ScatterTool" instance=ExtResource("13_1mer4")]
transform = Transform3D(0.821802, 0, -0.569774, 0, 1, 0, 0.569774, 0, 0.821802, 290.748, 0, -91.0622)

[node name="Rock01_56" parent="ScatterTool" instance=ExtResource("13_1mer4")]
transform = Transform3D(-0.679404, 0, 0.733764, 0, 1, 0, -0.733764, 0, -0.679404, -229.034, 0, -465.654)

[node name="Rock01_57" parent="ScatterTool" instance=ExtResource("13_1mer4")]
transform = Transform3D(0.545901, 0, -0.83785, 0, 1, 0, 0.83785, 0, 0.545901, -691.024, 0, -303.223)

[node name="Rock01_58" parent="ScatterTool" instance=ExtResource("13_1mer4")]
transform = Transform3D(0.471831, 0, -0.881689, 0, 1, 0, 0.881689, 0, 0.471831, 118.072, 0, -534.843)

[node name="Rock01_59" parent="ScatterTool" instance=ExtResource("13_1mer4")]
transform = Transform3D(0.857097, 0, 0.515155, 0, 1, 0, -0.515155, 0, 0.857097, -6.74865, 0, -399.174)

[node name="Rock01_60" parent="ScatterTool" instance=ExtResource("13_1mer4")]
transform = Transform3D(-0.110877, 0, -0.993834, 0, 1, 0, 0.993834, 0, -0.110877, 206.727, 0, -512.596)

[node name="Rock01_61" parent="ScatterTool" instance=ExtResource("13_1mer4")]
transform = Transform3D(-0.897389, 0, 0.441241, 0, 1, 0, -0.441241, 0, -0.897389, -291.431, 0, 912.528)

[node name="Rock01_62" parent="ScatterTool" instance=ExtResource("13_1mer4")]
transform = Transform3D(0.472016, 0, -0.88159, 0, 1, 0, 0.88159, 0, 0.472016, -311.208, 0, -520.492)

[node name="Rock01_63" parent="ScatterTool" instance=ExtResource("13_1mer4")]
transform = Transform3D(0.854109, 0, 0.520094, 0, 1, 0, -0.520094, 0, 0.854109, 765.665, 0, 541.947)

[node name="Rock01_64" parent="ScatterTool" instance=ExtResource("13_1mer4")]
transform = Transform3D(-0.18115, 0, -0.983455, 0, 1, 0, 0.983455, 0, -0.18115, 112.188, 0, 747.179)

[node name="Rock01_65" parent="ScatterTool" instance=ExtResource("13_1mer4")]
transform = Transform3D(-0.296465, 0, -0.955044, 0, 1, 0, 0.955044, 0, -0.296465, 285.013, 0, 936.085)

[node name="Rock01_66" parent="ScatterTool" instance=ExtResource("13_1mer4")]
transform = Transform3D(0.177331, 0, -0.984151, 0, 1, 0, 0.984151, 0, 0.177331, 584.026, 0, -860.985)

[node name="Rock01_67" parent="ScatterTool" instance=ExtResource("13_1mer4")]
transform = Transform3D(-0.424171, 0, 0.905582, 0, 1, 0, -0.905582, 0, -0.424171, -534.326, 0, -432.001)

[node name="Rock01_68" parent="ScatterTool" instance=ExtResource("13_1mer4")]
transform = Transform3D(-0.193864, 0, 0.981028, 0, 1, 0, -0.981028, 0, -0.193864, -531.86, 0, -25.6901)

[node name="Rock01_69" parent="ScatterTool" instance=ExtResource("13_1mer4")]
transform = Transform3D(0.343788, 0, -0.939047, 0, 1, 0, 0.939047, 0, 0.343788, 12.5899, 0, -649.057)

[node name="Rock01_70" parent="ScatterTool" instance=ExtResource("13_1mer4")]
transform = Transform3D(0.995974, 0, 0.0896481, 0, 1, 0, -0.0896481, 0, 0.995974, -290.688, 0, -156.575)

[node name="Rock01_71" parent="ScatterTool" instance=ExtResource("13_1mer4")]
transform = Transform3D(0.89136, 0, 0.453296, 0, 1, 0, -0.453296, 0, 0.89136, -62.1987, 0, -52.9396)

[node name="Rock01_72" parent="ScatterTool" instance=ExtResource("13_1mer4")]
transform = Transform3D(0.263368, 0, 0.964696, 0, 1, 0, -0.964696, 0, 0.263368, -858.602, 0, 651.365)

[node name="Rock01_73" parent="ScatterTool" instance=ExtResource("13_1mer4")]
transform = Transform3D(-0.925792, 0, 0.378034, 0, 1, 0, -0.378034, 0, -0.925792, -793.999, 0, -878.801)

[node name="Rock01_74" parent="ScatterTool" instance=ExtResource("13_1mer4")]
transform = Transform3D(-0.392847, 0, 0.919604, 0, 1, 0, -0.919604, 0, -0.392847, 460.953, 0, 570.396)

[node name="Rock01_75" parent="ScatterTool" instance=ExtResource("13_1mer4")]
transform = Transform3D(-0.304177, 0, -0.952616, 0, 1, 0, 0.952616, 0, -0.304177, 279.62, 0, 95.6692)

[node name="Rock01_76" parent="ScatterTool" instance=ExtResource("13_1mer4")]
transform = Transform3D(-0.561911, 0, -0.827197, 0, 1, 0, 0.827197, 0, -0.561911, 40.2778, 0, -3.03733)

[node name="Rock01_77" parent="ScatterTool" instance=ExtResource("13_1mer4")]
transform = Transform3D(-0.060649, 0, 0.998159, 0, 1, 0, -0.998159, 0, -0.060649, 542.178, 0, 200.239)

[node name="Rock01_78" parent="ScatterTool" instance=ExtResource("13_1mer4")]
transform = Transform3D(-0.939038, 0, 0.343813, 0, 1, 0, -0.343813, 0, -0.939038, 711.439, 0, 76.4177)

[node name="Rock01_79" parent="ScatterTool" instance=ExtResource("13_1mer4")]
transform = Transform3D(0.775742, 0, -0.631051, 0, 1, 0, 0.631051, 0, 0.775742, 180.428, 0, 865.206)

[node name="Rock01_80" parent="ScatterTool" instance=ExtResource("13_1mer4")]
transform = Transform3D(0.395047, 0, 0.918661, 0, 1, 0, -0.918661, 0, 0.395047, 295.561, 0, -863.951)

[node name="Rock01_81" parent="ScatterTool" instance=ExtResource("13_1mer4")]
transform = Transform3D(0.990714, 0, 0.135966, 0, 1, 0, -0.135966, 0, 0.990714, 588.874, 0, -256.067)

[node name="Rock01_82" parent="ScatterTool" instance=ExtResource("13_1mer4")]
transform = Transform3D(-0.8454, 0, 0.534134, 0, 1, 0, -0.534134, 0, -0.8454, -650.651, 0, -614.087)

[node name="Rock01_83" parent="ScatterTool" instance=ExtResource("13_1mer4")]
transform = Transform3D(-0.659842, 0, 0.751405, 0, 1, 0, -0.751405, 0, -0.659842, 490.103, 0, 863.499)

[node name="Rock01_84" parent="ScatterTool" instance=ExtResource("13_1mer4")]
transform = Transform3D(0.256319, 0, -0.966592, 0, 1, 0, 0.966592, 0, 0.256319, 835.536, 0, -194.218)

[node name="Rock01_85" parent="ScatterTool" instance=ExtResource("13_1mer4")]
transform = Transform3D(0.960957, 0, -0.276699, 0, 1, 0, 0.276699, 0, 0.960957, -218.256, 0, 190.741)

[node name="Rock01_86" parent="ScatterTool" instance=ExtResource("13_1mer4")]
transform = Transform3D(0.817554, 0, -0.575851, 0, 1, 0, 0.575851, 0, 0.817554, -604.192, 0, -116.176)

[node name="Rock01_87" parent="ScatterTool" instance=ExtResource("13_1mer4")]
transform = Transform3D(0.851037, 0, -0.525105, 0, 1, 0, 0.525105, 0, 0.851037, -8.19398, 0, 390.522)

[node name="Rock01_88" parent="ScatterTool" instance=ExtResource("13_1mer4")]
transform = Transform3D(-0.886617, 0, 0.462505, 0, 1, 0, -0.462505, 0, -0.886617, -659.582, 0, -727.247)

[node name="Rock01_89" parent="ScatterTool" instance=ExtResource("13_1mer4")]
transform = Transform3D(-0.645313, 0, -0.763918, 0, 1, 0, 0.763918, 0, -0.645313, -354.741, 0, -455.211)

[node name="Rock01_90" parent="ScatterTool" instance=ExtResource("13_1mer4")]
transform = Transform3D(0.689707, 0, 0.724089, 0, 1, 0, -0.724089, 0, 0.689707, -369.898, 0, -332.713)

[node name="Rock01_91" parent="ScatterTool" instance=ExtResource("13_1mer4")]
transform = Transform3D(0.0543153, 0, -0.998524, 0, 1, 0, 0.998524, 0, 0.0543153, 211.631, 0, -693.45)

[node name="Rock01_92" parent="ScatterTool" instance=ExtResource("13_1mer4")]
transform = Transform3D(-0.684033, 0, 0.729451, 0, 1, 0, -0.729451, 0, -0.684033, 514.517, 0, 605.081)

[node name="Rock01_93" parent="ScatterTool" instance=ExtResource("13_1mer4")]
transform = Transform3D(-0.99997, 0, 0.00778347, 0, 1, 0, -0.00778347, 0, -0.99997, 981.754, 0, 66.7012)

[node name="Rock01_94" parent="ScatterTool" instance=ExtResource("13_1mer4")]
transform = Transform3D(-0.644972, 0, -0.764206, 0, 1, 0, 0.764206, 0, -0.644972, 118.937, 0, -963.889)

[node name="Rock01_95" parent="ScatterTool" instance=ExtResource("13_1mer4")]
transform = Transform3D(0.0954668, 0, 0.995433, 0, 1, 0, -0.995433, 0, 0.0954668, -265.804, 0, 218.183)

[node name="Rock01_96" parent="ScatterTool" instance=ExtResource("13_1mer4")]
transform = Transform3D(0.823437, 0, 0.567408, 0, 1, 0, -0.567408, 0, 0.823437, -576.148, 0, -53.4026)

[node name="Rock01_97" parent="ScatterTool" instance=ExtResource("13_1mer4")]
transform = Transform3D(-0.905389, 0, 0.424583, 0, 1, 0, -0.424583, 0, -0.905389, 315.712, 0, 522.384)

[node name="Rock01_98" parent="ScatterTool" instance=ExtResource("13_1mer4")]
transform = Transform3D(0.441034, 0, -0.897491, 0, 1, 0, 0.897491, 0, 0.441034, -495.816, 0, 285.733)

[node name="Rock01_99" parent="ScatterTool" instance=ExtResource("13_1mer4")]
transform = Transform3D(-0.94088, 0, -0.33874, 0, 1, 0, 0.33874, 0, -0.94088, 625.18, 0, 862.426)

[node name="Rock01_100" parent="ScatterTool" instance=ExtResource("13_1mer4")]
transform = Transform3D(0.0779573, 0, 0.996957, 0, 1, 0, -0.996957, 0, 0.0779573, 490.891, 0, -839.568)

[node name="Rock01_101" parent="ScatterTool" instance=ExtResource("13_1mer4")]
transform = Transform3D(0.723426, 0, -0.690401, 0, 1, 0, 0.690401, 0, 0.723426, -807.885, 0, 868.789)

[node name="Rock01_102" parent="ScatterTool" instance=ExtResource("13_1mer4")]
transform = Transform3D(-0.110913, 0, -0.99383, 0, 1, 0, 0.99383, 0, -0.110913, -131.385, 0, 918.751)

[node name="Rock01_103" parent="ScatterTool" instance=ExtResource("13_1mer4")]
transform = Transform3D(0.998622, 0, 0.0524861, 0, 1, 0, -0.0524861, 0, 0.998622, -305.757, 0, 315.532)

[node name="Rock01_104" parent="ScatterTool" instance=ExtResource("13_1mer4")]
transform = Transform3D(-0.828043, 0, 0.560665, 0, 1, 0, -0.560665, 0, -0.828043, 642.699, 0, -390.064)

[node name="Rock01_105" parent="ScatterTool" instance=ExtResource("13_1mer4")]
transform = Transform3D(0.390525, 0, 0.920592, 0, 1, 0, -0.920592, 0, 0.390525, 401.872, 0, 323.294)

[node name="Rock01_106" parent="ScatterTool" instance=ExtResource("13_1mer4")]
transform = Transform3D(0.519243, 0, -0.854626, 0, 1, 0, 0.854626, 0, 0.519243, -27.6707, 0, -118.95)

[node name="Rock01_107" parent="ScatterTool" instance=ExtResource("13_1mer4")]
transform = Transform3D(-0.724199, 0, 0.689591, 0, 1, 0, -0.689591, 0, -0.724199, -506.374, 0, 789.498)

[node name="Rock01_108" parent="ScatterTool" instance=ExtResource("13_1mer4")]
transform = Transform3D(0.658171, 0, 0.752869, 0, 1, 0, -0.752869, 0, 0.658171, 485.837, 0, 335.455)

[node name="Rock01_109" parent="ScatterTool" instance=ExtResource("13_1mer4")]
transform = Transform3D(0.119305, 0, -0.992858, 0, 1, 0, 0.992858, 0, 0.119305, -472.657, 0, -469.781)

[node name="Rock01_110" parent="ScatterTool" instance=ExtResource("13_1mer4")]
transform = Transform3D(0.955066, 0, -0.296392, 0, 1, 0, 0.296392, 0, 0.955066, 388.163, 0, -346.912)

[node name="Rock01_111" parent="ScatterTool" instance=ExtResource("13_1mer4")]
transform = Transform3D(0.966525, 0, -0.256573, 0, 1, 0, 0.256573, 0, 0.966525, 676.334, 0, -933.749)

[node name="Rock01_112" parent="ScatterTool" instance=ExtResource("13_1mer4")]
transform = Transform3D(-0.987843, 0, -0.155455, 0, 1, 0, 0.155455, 0, -0.987843, -714.375, 0, 231.22)

[node name="Rock01_113" parent="ScatterTool" instance=ExtResource("13_1mer4")]
transform = Transform3D(-0.983422, 0, -0.18133, 0, 1, 0, 0.18133, 0, -0.983422, -688.301, 0, 298.583)

[node name="Rock01_114" parent="ScatterTool" instance=ExtResource("13_1mer4")]
transform = Transform3D(0.802816, 0, 0.596227, 0, 1, 0, -0.596227, 0, 0.802816, -961.33, 0, 71.9659)

[node name="Rock01_115" parent="ScatterTool" instance=ExtResource("13_1mer4")]
transform = Transform3D(0.72335, 0, 0.690481, 0, 1, 0, -0.690481, 0, 0.72335, -770.464, 0, -744.169)

[node name="Rock01_116" parent="ScatterTool" instance=ExtResource("13_1mer4")]
transform = Transform3D(0.969361, 0, 0.24564, 0, 1, 0, -0.24564, 0, 0.969361, -707.35, 0, 6.47399)

[node name="Rock01_117" parent="ScatterTool" instance=ExtResource("13_1mer4")]
transform = Transform3D(0.52873, 0, -0.84879, 0, 1, 0, 0.84879, 0, 0.52873, 989.839, 0, -155.067)

[node name="Rock01_118" parent="ScatterTool" instance=ExtResource("13_1mer4")]
transform = Transform3D(0.242332, 0, -0.970193, 0, 1, 0, 0.970193, 0, 0.242332, 433.786, 0, -146.738)

[node name="Rock01_119" parent="ScatterTool" instance=ExtResource("13_1mer4")]
transform = Transform3D(-0.990795, 0, -0.135372, 0, 1, 0, 0.135372, 0, -0.990795, -601.857, 0, -771.121)

[node name="Rock01_120" parent="ScatterTool" instance=ExtResource("13_1mer4")]
transform = Transform3D(-0.00885579, 0, -0.999961, 0, 1, 0, 0.999961, 0, -0.00885579, -480.944, 0, 523.205)

[node name="Rock01_121" parent="ScatterTool" instance=ExtResource("13_1mer4")]
transform = Transform3D(0.794221, 0, 0.607629, 0, 1, 0, -0.607629, 0, 0.794221, 316.351, 0, 311.702)

[node name="Rock01_122" parent="ScatterTool" instance=ExtResource("13_1mer4")]
transform = Transform3D(0.78624, 0, -0.617921, 0, 1, 0, 0.617921, 0, 0.78624, 498.134, 0, 77.9089)

[node name="Rock01_123" parent="ScatterTool" instance=ExtResource("13_1mer4")]
transform = Transform3D(-0.116614, 0, 0.993177, 0, 1, 0, -0.993177, 0, -0.116614, -331.189, 0, -800.849)

[node name="Rock01_124" parent="ScatterTool" instance=ExtResource("13_1mer4")]
transform = Transform3D(0.782331, 0, -0.622863, 0, 1, 0, 0.622863, 0, 0.782331, -210.107, 0, -668.389)

[node name="Rock01_125" parent="ScatterTool" instance=ExtResource("13_1mer4")]
transform = Transform3D(0.797271, 0, 0.603622, 0, 1, 0, -0.603622, 0, 0.797271, -182.967, 0, 998.449)

[node name="Rock01_126" parent="ScatterTool" instance=ExtResource("13_1mer4")]
transform = Transform3D(-0.699916, 0, 0.714225, 0, 1, 0, -0.714225, 0, -0.699916, -400.764, 0, 758.053)

[node name="Rock01_127" parent="ScatterTool" instance=ExtResource("13_1mer4")]
transform = Transform3D(-0.958864, 0, 0.283867, 0, 1, 0, -0.283867, 0, -0.958864, 664.621, 0, 314.864)

[node name="Rock01_128" parent="ScatterTool" instance=ExtResource("13_1mer4")]
transform = Transform3D(-0.661173, 0, 0.750234, 0, 1, 0, -0.750234, 0, -0.661173, -407.76, 0, 552.272)

[node name="Rock01_129" parent="ScatterTool" instance=ExtResource("13_1mer4")]
transform = Transform3D(-0.52262, 0, -0.852566, 0, 1, 0, 0.852566, 0, -0.52262, -196.714, 0, 410.533)

[node name="Rock01_130" parent="ScatterTool" instance=ExtResource("13_1mer4")]
transform = Transform3D(-0.979491, 0, 0.20149, 0, 1, 0, -0.20149, 0, -0.979491, 450.453, 0, -323.821)

[node name="Rock01_131" parent="ScatterTool" instance=ExtResource("13_1mer4")]
transform = Transform3D(0.976182, 0, -0.216955, 0, 1, 0, 0.216955, 0, 0.976182, 282.155, 0, 281.154)

[node name="Rock01_132" parent="ScatterTool" instance=ExtResource("13_1mer4")]
transform = Transform3D(-0.965636, 0, -0.259899, 0, 1, 0, 0.259899, 0, -0.965636, -206.083, 0, 950.167)

[node name="Rock01_133" parent="ScatterTool" instance=ExtResource("13_1mer4")]
transform = Transform3D(-0.420471, 0, 0.907306, 0, 1, 0, -0.907306, 0, -0.420471, 896.361, 0, -80.5031)

[node name="Rock01_134" parent="ScatterTool" instance=ExtResource("13_1mer4")]
transform = Transform3D(0.916105, 0, -0.400939, 0, 1, 0, 0.400939, 0, 0.916105, 793.13, 0, -390.041)

[node name="Rock01_135" parent="ScatterTool" instance=ExtResource("13_1mer4")]
transform = Transform3D(-0.733327, 0, -0.679876, 0, 1, 0, 0.679876, 0, -0.733327, 722.55, 0, -807.619)

[node name="Rock01_136" parent="ScatterTool" instance=ExtResource("13_1mer4")]
transform = Transform3D(-0.251967, 0, 0.967736, 0, 1, 0, -0.967736, 0, -0.251967, 800.583, 0, -502.747)

[node name="Rock01_137" parent="ScatterTool" instance=ExtResource("13_1mer4")]
transform = Transform3D(0.648491, 0, 0.761222, 0, 1, 0, -0.761222, 0, 0.648491, -467.665, 0, 749.63)

[node name="Rock01_138" parent="ScatterTool" instance=ExtResource("13_1mer4")]
transform = Transform3D(-0.149452, 0, -0.988769, 0, 1, 0, 0.988769, 0, -0.149452, 987.015, 0, -787.769)

[node name="Rock01_139" parent="ScatterTool" instance=ExtResource("13_1mer4")]
transform = Transform3D(-0.0426676, 0, -0.999089, 0, 1, 0, 0.999089, 0, -0.0426676, 426.151, 0, -645.102)

[node name="Rock01_140" parent="ScatterTool" instance=ExtResource("13_1mer4")]
transform = Transform3D(-0.150542, 0, -0.988604, 0, 1, 0, 0.988604, 0, -0.150542, -107.794, 0, -59.3904)

[node name="Rock01_141" parent="ScatterTool" instance=ExtResource("13_1mer4")]
transform = Transform3D(0.344841, 0, 0.938661, 0, 1, 0, -0.938661, 0, 0.344841, 441.34, 0, 316.828)

[node name="Rock01_142" parent="ScatterTool" instance=ExtResource("13_1mer4")]
transform = Transform3D(0.802805, 0, -0.596242, 0, 1, 0, 0.596242, 0, 0.802805, -372.156, 0, -576.454)

[node name="Rock01_143" parent="ScatterTool" instance=ExtResource("13_1mer4")]
transform = Transform3D(0.99902, 0, -0.0442591, 0, 1, 0, 0.0442591, 0, 0.99902, -657.187, 0, -817.535)

[node name="Rock01_144" parent="ScatterTool" instance=ExtResource("13_1mer4")]
transform = Transform3D(-0.387765, 0, -0.921758, 0, 1, 0, 0.921758, 0, -0.387765, -27.3096, 0, 834.229)

[node name="Rock01_145" parent="ScatterTool" instance=ExtResource("13_1mer4")]
transform = Transform3D(0.626684, 0, -0.779273, 0, 1, 0, 0.779273, 0, 0.626684, 118.538, 0, -521.937)

[node name="Rock01_146" parent="ScatterTool" instance=ExtResource("13_1mer4")]
transform = Transform3D(0.826207, 0, 0.563366, 0, 1, 0, -0.563366, 0, 0.826207, 811.412, 0, 447.524)

[node name="Rock01_147" parent="ScatterTool" instance=ExtResource("13_1mer4")]
transform = Transform3D(-0.0050804, 0, -0.999987, 0, 1, 0, 0.999987, 0, -0.0050804, -764.346, 0, -121.286)

[node name="Rock01_148" parent="ScatterTool" instance=ExtResource("13_1mer4")]
transform = Transform3D(0.718344, 0, -0.695688, 0, 1, 0, 0.695688, 0, 0.718344, 588.445, 0, -576.178)

[node name="Rock01_149" parent="ScatterTool" instance=ExtResource("13_1mer4")]
transform = Transform3D(0.809572, 0, -0.587021, 0, 1, 0, 0.587021, 0, 0.809572, 241.654, 0, 969.131)

[node name="Rock01_150" parent="ScatterTool" instance=ExtResource("13_1mer4")]
transform = Transform3D(0.991309, 0, -0.131555, 0, 1, 0, 0.131555, 0, 0.991309, 87.4056, 0, 498.788)

[node name="Rock01_151" parent="ScatterTool" instance=ExtResource("13_1mer4")]
transform = Transform3D(0.969341, 0, -0.24572, 0, 1, 0, 0.24572, 0, 0.969341, -168.399, 0, 605.394)

[node name="Rock01_152" parent="ScatterTool" instance=ExtResource("13_1mer4")]
transform = Transform3D(-0.93789, 0, -0.346932, 0, 1, 0, 0.346932, 0, -0.93789, -297.831, 0, 399.284)

[node name="Rock01_153" parent="ScatterTool" instance=ExtResource("13_1mer4")]
transform = Transform3D(-0.255437, 0, -0.966826, 0, 1, 0, 0.966826, 0, -0.255437, 895.552, 0, 190.65)

[node name="Rock01_154" parent="ScatterTool" instance=ExtResource("13_1mer4")]
transform = Transform3D(0.995246, 0, -0.0973909, 0, 1, 0, 0.0973909, 0, 0.995246, -955.799, 0, -854.39)

[node name="Rock01_155" parent="ScatterTool" instance=ExtResource("13_1mer4")]
transform = Transform3D(0.209994, 0, -0.977703, 0, 1, 0, 0.977703, 0, 0.209994, -97.5081, 0, -558.464)

[node name="Rock01_156" parent="ScatterTool" instance=ExtResource("13_1mer4")]
transform = Transform3D(0.797383, 0, -0.603473, 0, 1, 0, 0.603473, 0, 0.797383, -95.5917, 0, 107.19)

[node name="Rock01_157" parent="ScatterTool" instance=ExtResource("13_1mer4")]
transform = Transform3D(-0.31674, 0, -0.948512, 0, 1, 0, 0.948512, 0, -0.31674, -288.707, 0, -756.493)

[node name="Rock01_158" parent="ScatterTool" instance=ExtResource("13_1mer4")]
transform = Transform3D(0.395874, 0, -0.918305, 0, 1, 0, 0.918305, 0, 0.395874, -833.096, 0, -206.667)

[node name="Rock01_159" parent="ScatterTool" instance=ExtResource("13_1mer4")]
transform = Transform3D(-0.692272, 0, 0.721637, 0, 1, 0, -0.721637, 0, -0.692272, 410.138, 0, -922.253)

[node name="Rock01_160" parent="ScatterTool" instance=ExtResource("13_1mer4")]
transform = Transform3D(0.495146, 0, 0.86881, 0, 1, 0, -0.86881, 0, 0.495146, 37.1901, 0, 367.196)

[node name="Rock01_161" parent="ScatterTool" instance=ExtResource("13_1mer4")]
transform = Transform3D(0.531769, 0, 0.84689, 0, 1, 0, -0.84689, 0, 0.531769, 796.017, 0, 813.08)

[node name="Rock01_162" parent="ScatterTool" instance=ExtResource("13_1mer4")]
transform = Transform3D(-0.961299, 0, 0.275508, 0, 1, 0, -0.275508, 0, -0.961299, 687.574, 0, 965.211)

[node name="Rock01_163" parent="ScatterTool" instance=ExtResource("13_1mer4")]
transform = Transform3D(-0.817089, 0, 0.576511, 0, 1, 0, -0.576511, 0, -0.817089, -267.581, 0, -465.803)

[node name="Rock01_164" parent="ScatterTool" instance=ExtResource("13_1mer4")]
transform = Transform3D(0.808957, 0, -0.587868, 0, 1, 0, 0.587868, 0, 0.808957, -326.214, 0, -379.161)

[node name="Rock01_165" parent="ScatterTool" instance=ExtResource("13_1mer4")]
transform = Transform3D(0.297403, 0, 0.954752, 0, 1, 0, -0.954752, 0, 0.297403, 655.378, 0, 218.395)

[node name="Rock01_166" parent="ScatterTool" instance=ExtResource("13_1mer4")]
transform = Transform3D(-0.979456, 0, -0.201658, 0, 1, 0, 0.201658, 0, -0.979456, -930.176, 0, 692.988)

[node name="Rock01_167" parent="ScatterTool" instance=ExtResource("13_1mer4")]
transform = Transform3D(0.932445, 0, -0.361312, 0, 1, 0, 0.361312, 0, 0.932445, 456.017, 0, -944.734)

[node name="Rock01_168" parent="ScatterTool" instance=ExtResource("13_1mer4")]
transform = Transform3D(-0.576786, 0, -0.816895, 0, 1, 0, 0.816895, 0, -0.576786, -678.804, 0, 616.92)

[node name="Rock01_169" parent="ScatterTool" instance=ExtResource("13_1mer4")]
transform = Transform3D(-0.854683, 0, -0.51915, 0, 1, 0, 0.51915, 0, -0.854683, 547.549, 0, 506.237)

[node name="Rock01_170" parent="ScatterTool" instance=ExtResource("13_1mer4")]
transform = Transform3D(-0.996217, 0, 0.0868993, 0, 1, 0, -0.0868993, 0, -0.996217, -644.651, 0, 145.682)

[node name="Rock01_171" parent="ScatterTool" instance=ExtResource("13_1mer4")]
transform = Transform3D(-0.996431, 0, -0.0844066, 0, 1, 0, 0.0844066, 0, -0.996431, -571.834, 0, 279.098)

[node name="Rock01_172" parent="ScatterTool" instance=ExtResource("13_1mer4")]
transform = Transform3D(-0.959914, 0, 0.280293, 0, 1, 0, -0.280293, 0, -0.959914, 713.089, 0, -942.282)

[node name="Rock01_173" parent="ScatterTool" instance=ExtResource("13_1mer4")]
transform = Transform3D(0.624465, 0, -0.781052, 0, 1, 0, 0.781052, 0, 0.624465, -20.6457, 0, -205.013)

[node name="Rock01_174" parent="ScatterTool" instance=ExtResource("13_1mer4")]
transform = Transform3D(0.350262, 0, 0.936652, 0, 1, 0, -0.936652, 0, 0.350262, -470.403, 0, 523.885)

[node name="Rock01_175" parent="ScatterTool" instance=ExtResource("13_1mer4")]
transform = Transform3D(0.907765, 0, -0.419479, 0, 1, 0, 0.419479, 0, 0.907765, 905.539, 0, -434.973)

[node name="Rock01_176" parent="ScatterTool" instance=ExtResource("13_1mer4")]
transform = Transform3D(0.50792, 0, 0.861404, 0, 1, 0, -0.861404, 0, 0.50792, 260.542, 0, 317.573)

[node name="Rock01_177" parent="ScatterTool" instance=ExtResource("13_1mer4")]
transform = Transform3D(0.571132, 0, 0.820858, 0, 1, 0, -0.820858, 0, 0.571132, -45.673, 0, -722.188)

[node name="Rock01_178" parent="ScatterTool" instance=ExtResource("13_1mer4")]
transform = Transform3D(-0.299291, 0, -0.954162, 0, 1, 0, 0.954162, 0, -0.299291, 642.82, 0, -921.84)

[node name="Rock01_179" parent="ScatterTool" instance=ExtResource("13_1mer4")]
transform = Transform3D(-0.991933, 0, -0.126767, 0, 1, 0, 0.126767, 0, -0.991933, -595.462, 0, 754.559)

[node name="Rock01_180" parent="ScatterTool" instance=ExtResource("13_1mer4")]
transform = Transform3D(0.860001, 0, 0.510292, 0, 1, 0, -0.510292, 0, 0.860001, -103.398, 0, 354.671)

[node name="Rock01_181" parent="ScatterTool" instance=ExtResource("13_1mer4")]
transform = Transform3D(0.897357, 0, -0.441304, 0, 1, 0, 0.441304, 0, 0.897357, -792.207, 0, -176.829)

[node name="Rock01_182" parent="ScatterTool" instance=ExtResource("13_1mer4")]
transform = Transform3D(-0.912545, 0, -0.408976, 0, 1, 0, 0.408976, 0, -0.912545, -110.498, 0, 837.187)

[node name="Rock01_183" parent="ScatterTool" instance=ExtResource("13_1mer4")]
transform = Transform3D(0.970104, 0, 0.24269, 0, 1, 0, -0.24269, 0, 0.970104, 631.319, 0, 989.911)

[node name="Rock01_184" parent="ScatterTool" instance=ExtResource("13_1mer4")]
transform = Transform3D(-0.993013, 0, -0.118003, 0, 1, 0, 0.118003, 0, -0.993013, 249.147, 0, 197.119)

[node name="Rock01_185" parent="ScatterTool" instance=ExtResource("13_1mer4")]
transform = Transform3D(0.928312, 0, 0.371803, 0, 1, 0, -0.371803, 0, 0.928312, -211.17, 0, 998.348)

[node name="Rock01_186" parent="ScatterTool" instance=ExtResource("13_1mer4")]
transform = Transform3D(0.903712, 0, -0.42814, 0, 1, 0, 0.42814, 0, 0.903712, -962.31, 0, 421.212)

[node name="Rock01_187" parent="ScatterTool" instance=ExtResource("13_1mer4")]
transform = Transform3D(0.999367, 0, 0.035562, 0, 1, 0, -0.035562, 0, 0.999367, -413.651, 0, 530.326)

[node name="Rock01_188" parent="ScatterTool" instance=ExtResource("13_1mer4")]
transform = Transform3D(0.0917237, 0, -0.995785, 0, 1, 0, 0.995785, 0, 0.0917237, -836.735, 0, 986.914)

[node name="Rock01_189" parent="ScatterTool" instance=ExtResource("13_1mer4")]
transform = Transform3D(-0.824177, 0, 0.566333, 0, 1, 0, -0.566333, 0, -0.824177, -797.493, 0, -484.366)

[node name="Rock01_190" parent="ScatterTool" instance=ExtResource("13_1mer4")]
transform = Transform3D(0.875824, 0, 0.482631, 0, 1, 0, -0.482631, 0, 0.875824, -348.273, 0, -83.735)

[node name="Rock01_191" parent="ScatterTool" instance=ExtResource("13_1mer4")]
transform = Transform3D(0.999278, 0, 0.0380027, 0, 1, 0, -0.0380027, 0, 0.999278, -587.697, 0, 571.259)

[node name="Rock01_192" parent="ScatterTool" instance=ExtResource("13_1mer4")]
transform = Transform3D(0.99423, 0, 0.107273, 0, 1, 0, -0.107273, 0, 0.99423, 621.568, 0, 978.357)

[node name="Rock01_193" parent="ScatterTool" instance=ExtResource("13_1mer4")]
transform = Transform3D(0.603314, 0, 0.797504, 0, 1, 0, -0.797504, 0, 0.603314, -637.636, 0, -49.113)

[node name="Rock01_194" parent="ScatterTool" instance=ExtResource("13_1mer4")]
