[gd_scene load_steps=29 format=3 uid="uid://qd2dr56t0uk1"]

[ext_resource type="PackedScene" uid="uid://7ohxd0qm20qn" path="res://scenes/player.tscn" id="3_stshx"]
[ext_resource type="Script" path="res://scripts/game_manager.gd" id="3_xifi4"]
[ext_resource type="Material" uid="uid://wrr7reshtt80" path="res://materials/ground.tres" id="4_15bx4"]
[ext_resource type="Script" path="res://scripts/camera_controller.gd" id="4_aelyh"]
[ext_resource type="PackedScene" uid="uid://dbscc2pu2sm8a" path="res://scenes/music_player.tscn" id="5_hr677"]
[ext_resource type="PackedScene" path="res://scenes/crow_spawner.tscn" id="6_02e48"]
[ext_resource type="PackedScene" uid="uid://bldiapng1hbwb" path="res://scenes/tumbleweed_spawner.tscn" id="7_ar1gb"]
[ext_resource type="PackedScene" uid="uid://r65iy714h0ti" path="res://scenes/UI/game_ui.tscn" id="8_uhfyn"]
[ext_resource type="PackedScene" uid="uid://cq7tqfe1mnjt" path="res://scenes/UI/GameOver.tscn" id="9_3yrix"]
[ext_resource type="Script" path="res://addons/ScatterTool/scatter_tool.gd" id="9_etvlb"]
[ext_resource type="Script" path="res://addons/ScatterTool/foliage_data.gd" id="10_dsg0b"]
[ext_resource type="Script" path="res://addons/ScatterTool/object_data.gd" id="11_gk061"]
[ext_resource type="Script" path="res://addons/ScatterTool/scene_data.gd" id="12_tfpec"]
[ext_resource type="PackedScene" uid="uid://b4umejt5tcvmj" path="res://scenes/rock_01.tscn" id="13_1mer4"]
[ext_resource type="PackedScene" uid="uid://b8er2vinep6dj" path="res://scenes/rock_small_01.tscn" id="14_wh3km"]
[ext_resource type="Script" path="res://addons/ScatterTool/scatter_data.gd" id="15_a04lp"]
[ext_resource type="PackedScene" uid="uid://byjojrcm551uw" path="res://scenes/cactus_hazard.tscn" id="15_u16vn"]
[ext_resource type="PackedScene" uid="uid://txbfa4tp6812" path="res://scenes/windmill.tscn" id="17_1khfc"]

[sub_resource type="ProceduralSkyMaterial" id="ProceduralSkyMaterial_dheg4"]

[sub_resource type="Sky" id="Sky_vf68a"]
sky_material = SubResource("ProceduralSkyMaterial_dheg4")

[sub_resource type="Environment" id="Environment_afun3"]
background_mode = 2
sky = SubResource("Sky_vf68a")

[sub_resource type="PlaneMesh" id="PlaneMesh_4l2np"]
size = Vector2(10000, 10000)

[sub_resource type="WorldBoundaryShape3D" id="WorldBoundaryShape3D_l5nr7"]

[sub_resource type="Resource" id="Resource_yn7hr"]
script = ExtResource("12_tfpec")
scene = ExtResource("13_1mer4")
num = 400

[sub_resource type="Resource" id="Resource_3kjx5"]
script = ExtResource("12_tfpec")
scene = ExtResource("14_wh3km")
num = 400

[sub_resource type="Resource" id="Resource_j22r8"]
script = ExtResource("12_tfpec")
scene = ExtResource("15_u16vn")
num = 600

[sub_resource type="Resource" id="Resource_j6uuu"]
script = ExtResource("12_tfpec")
scene = ExtResource("17_1khfc")
num = 80

[sub_resource type="Resource" id="Resource_woep0"]
script = ExtResource("15_a04lp")
foliage_data = Array[ExtResource("10_dsg0b")]([])
object_data = Array[ExtResource("11_gk061")]([])
scene_data = Array[ExtResource("12_tfpec")]([SubResource("Resource_yn7hr"), SubResource("Resource_3kjx5"), SubResource("Resource_j22r8"), SubResource("Resource_j6uuu")])

[node name="World" type="Node3D"]

[node name="GameManager" type="Node" parent="." node_paths=PackedStringArray("player", "game_over_screen", "game_ui")]
script = ExtResource("3_xifi4")
player = NodePath("../Player")
game_over_screen = NodePath("../GameOver")
game_ui = NodePath("../GameUI")

[node name="ScoreTimer" type="Timer" parent="GameManager"]
autostart = true

[node name="WorldEnvironment" type="WorldEnvironment" parent="."]
environment = SubResource("Environment_afun3")

[node name="DirectionalLight3D" type="DirectionalLight3D" parent="WorldEnvironment"]
transform = Transform3D(0.866025, -0.375609, 0.330027, 0, 0.660054, 0.751218, -0.5, -0.650574, 0.571624, 0, 9.35454, 0)
shadow_enabled = true

[node name="Ground" type="StaticBody3D" parent="."]

[node name="PlaneMesh" type="MeshInstance3D" parent="Ground"]
material_override = ExtResource("4_15bx4")
mesh = SubResource("PlaneMesh_4l2np")
skeleton = NodePath("../GroudCollider")

[node name="GroudCollider" type="CollisionShape3D" parent="Ground"]
shape = SubResource("WorldBoundaryShape3D_l5nr7")

[node name="Player" parent="." instance=ExtResource("3_stshx")]
max_speed = 7.5
acceleration = 3.5
friction = 0.075

[node name="Camera3D" type="Camera3D" parent="." node_paths=PackedStringArray("target")]
transform = Transform3D(1, 0, 0, 0, 0.985949, 0.167044, 0, -0.167044, 0.985949, 0, 6, 10)
script = ExtResource("4_aelyh")
lerp_speed = 20.0
target = NodePath("../Player")
offset = Vector3(0, 8, 8)

[node name="MusicPLayer" parent="Camera3D" node_paths=PackedStringArray("player") instance=ExtResource("5_hr677")]
player = NodePath("../../Player")

[node name="CrowSpawner" parent="." node_paths=PackedStringArray("player_ref") instance=ExtResource("6_02e48")]
player_ref = NodePath("../Player")
spawn_radius = 40.0
spawn_interval = 10.0

[node name="TumbleweedSpawner" parent="." node_paths=PackedStringArray("player_ref") instance=ExtResource("7_ar1gb")]
player_ref = NodePath("../Player")
tumbleweed_speed = 7.0
tumbleweed_perish_distance = 100.0
spawn_radius = 75.0
spawn_interval = 30.0

[node name="GameUI" parent="." instance=ExtResource("8_uhfyn")]

[node name="GameOver" parent="." instance=ExtResource("9_3yrix")]
visible = false

[node name="ScatterTool" type="Node3D" parent="."]
script = ExtResource("9_etvlb")
scatter_range = 800.0
instance_distance = 100.0
update_distance = 100.0
scatter_data = SubResource("Resource_woep0")

[node name="Rock01" parent="ScatterTool" instance=ExtResource("13_1mer4")]
transform = Transform3D(-0.827224, 0, 0.561873, 0, 1, 0, -0.561873, 0, -0.827224, -612.364, 0, 327.701)

[node name="Rock01_1" parent="ScatterTool" instance=ExtResource("13_1mer4")]
transform = Transform3D(-0.00200113, 0, 0.999998, 0, 1, 0, -0.999998, 0, -0.00200113, -569.29, 0, -124.063)

[node name="Rock01_2" parent="ScatterTool" instance=ExtResource("13_1mer4")]
transform = Transform3D(-0.865011, 0, 0.501753, 0, 1, 0, -0.501753, 0, -0.865011, 427.712, 0, 310.389)

[node name="Rock01_3" parent="ScatterTool" instance=ExtResource("13_1mer4")]
transform = Transform3D(-0.763471, 0, 0.645843, 0, 1, 0, -0.645843, 0, -0.763471, 161.96, 0, 498.766)

[node name="Rock01_4" parent="ScatterTool" instance=ExtResource("13_1mer4")]
transform = Transform3D(0.674942, 0, 0.737871, 0, 1, 0, -0.737871, 0, 0.674942, -73.6312, 0, -782.114)

[node name="Rock01_5" parent="ScatterTool" instance=ExtResource("13_1mer4")]
transform = Transform3D(0.99771, 0, -0.0676351, 0, 1, 0, 0.0676351, 0, 0.99771, -278.074, 0, 597.858)

[node name="Rock01_6" parent="ScatterTool" instance=ExtResource("13_1mer4")]
transform = Transform3D(0.917213, 0, -0.398398, 0, 1, 0, 0.398398, 0, 0.917213, 296.567, 0, 731.02)

[node name="Rock01_7" parent="ScatterTool" instance=ExtResource("13_1mer4")]
transform = Transform3D(-0.822773, 0, 0.56837, 0, 1, 0, -0.56837, 0, -0.822773, 522.242, 0, 268.218)

[node name="Rock01_8" parent="ScatterTool" instance=ExtResource("13_1mer4")]
transform = Transform3D(0.958898, 0, 0.28375, 0, 1, 0, -0.28375, 0, 0.958898, -656.926, 0, -761.276)

[node name="Rock01_9" parent="ScatterTool" instance=ExtResource("13_1mer4")]
transform = Transform3D(-0.936563, 0, -0.3505, 0, 1, 0, 0.3505, 0, -0.936563, -603.238, 0, -514.843)

[node name="Rock01_10" parent="ScatterTool" instance=ExtResource("13_1mer4")]
transform = Transform3D(-0.423291, 0, 0.905994, 0, 1, 0, -0.905994, 0, -0.423291, -181.494, 0, 574.774)

[node name="Rock01_11" parent="ScatterTool" instance=ExtResource("13_1mer4")]
transform = Transform3D(-0.985088, 0, -0.172054, 0, 1, 0, 0.172054, 0, -0.985088, 41.6944, 0, -790.396)

[node name="Rock01_12" parent="ScatterTool" instance=ExtResource("13_1mer4")]
transform = Transform3D(-0.323697, 0, 0.946161, 0, 1, 0, -0.946161, 0, -0.323697, 465.425, 0, -66.1052)

[node name="Rock01_13" parent="ScatterTool" instance=ExtResource("13_1mer4")]
transform = Transform3D(0.767534, 0, 0.641008, 0, 1, 0, -0.641008, 0, 0.767534, 355.547, 0, -759.224)

[node name="Rock01_14" parent="ScatterTool" instance=ExtResource("13_1mer4")]
transform = Transform3D(0.899346, 0, -0.437237, 0, 1, 0, 0.437237, 0, 0.899346, -346.189, 0, -67.1898)

[node name="Rock01_15" parent="ScatterTool" instance=ExtResource("13_1mer4")]
transform = Transform3D(-0.171401, 0, -0.985201, 0, 1, 0, 0.985201, 0, -0.171401, -522.07, 0, 36.073)

[node name="Rock01_16" parent="ScatterTool" instance=ExtResource("13_1mer4")]
transform = Transform3D(0.876391, 0, -0.4816, 0, 1, 0, 0.4816, 0, 0.876391, -176.689, 0, 561.205)

[node name="Rock01_17" parent="ScatterTool" instance=ExtResource("13_1mer4")]
transform = Transform3D(0.581721, 0, 0.813388, 0, 1, 0, -0.813388, 0, 0.581721, 343.824, 0, 735.591)

[node name="Rock01_18" parent="ScatterTool" instance=ExtResource("13_1mer4")]
transform = Transform3D(-0.987619, 0, -0.156874, 0, 1, 0, 0.156874, 0, -0.987619, 329.678, 0, 658.291)

[node name="Rock01_19" parent="ScatterTool" instance=ExtResource("13_1mer4")]
transform = Transform3D(0.971204, 0, -0.238251, 0, 1, 0, 0.238251, 0, 0.971204, 484.495, 0, -590.504)

[node name="Rock01_20" parent="ScatterTool" instance=ExtResource("13_1mer4")]
transform = Transform3D(0.240904, 0, 0.970549, 0, 1, 0, -0.970549, 0, 0.240904, -507.089, 0, -129.194)

[node name="Rock01_21" parent="ScatterTool" instance=ExtResource("13_1mer4")]
transform = Transform3D(-0.997587, 0, -0.0694216, 0, 1, 0, 0.0694216, 0, -0.997587, -525.851, 0, -173.737)

[node name="Rock01_22" parent="ScatterTool" instance=ExtResource("13_1mer4")]
transform = Transform3D(-0.890291, 0, 0.455392, 0, 1, 0, -0.455392, 0, -0.890291, 278.206, 0, 734.582)

[node name="Rock01_23" parent="ScatterTool" instance=ExtResource("13_1mer4")]
transform = Transform3D(0.644933, 0, -0.764239, 0, 1, 0, 0.764239, 0, 0.644933, -153.289, 0, -41.6155)

[node name="Rock01_24" parent="ScatterTool" instance=ExtResource("13_1mer4")]
transform = Transform3D(0.965856, 0, 0.259078, 0, 1, 0, -0.259078, 0, 0.965856, 279.187, 0, -566.456)

[node name="Rock01_25" parent="ScatterTool" instance=ExtResource("13_1mer4")]
transform = Transform3D(-0.350186, 0, 0.93668, 0, 1, 0, -0.93668, 0, -0.350186, 748.815, 0, -340.243)

[node name="Rock01_26" parent="ScatterTool" instance=ExtResource("13_1mer4")]
transform = Transform3D(-0.756227, 0, 0.654309, 0, 1, 0, -0.654309, 0, -0.756227, -718.601, 0, 145.161)

[node name="Rock01_27" parent="ScatterTool" instance=ExtResource("13_1mer4")]
transform = Transform3D(-0.882478, 0, 0.470353, 0, 1, 0, -0.470353, 0, -0.882478, 303.286, 0, -202.962)

[node name="Rock01_28" parent="ScatterTool" instance=ExtResource("13_1mer4")]
transform = Transform3D(0.0356985, 0, 0.999363, 0, 1, 0, -0.999363, 0, 0.0356985, 794.83, 0, 19.4324)

[node name="Rock01_29" parent="ScatterTool" instance=ExtResource("13_1mer4")]
transform = Transform3D(-0.693048, 0, -0.720891, 0, 1, 0, 0.720891, 0, -0.693048, -89.1569, 0, -161.679)

[node name="Rock01_30" parent="ScatterTool" instance=ExtResource("13_1mer4")]
transform = Transform3D(0.583589, 0, 0.812049, 0, 1, 0, -0.812049, 0, 0.583589, -492.177, 0, -97.6798)

[node name="Rock01_31" parent="ScatterTool" instance=ExtResource("13_1mer4")]
transform = Transform3D(-0.700762, 0, -0.713395, 0, 1, 0, 0.713395, 0, -0.700762, -745.702, 0, -727.353)

[node name="Rock01_32" parent="ScatterTool" instance=ExtResource("13_1mer4")]
transform = Transform3D(-0.747853, 0, 0.663864, 0, 1, 0, -0.663864, 0, -0.747853, -269.937, 0, -238.622)

[node name="Rock01_33" parent="ScatterTool" instance=ExtResource("13_1mer4")]
transform = Transform3D(0.883943, 0, -0.467595, 0, 1, 0, 0.467595, 0, 0.883943, -679.244, 0, -216.642)

[node name="Rock01_34" parent="ScatterTool" instance=ExtResource("13_1mer4")]
transform = Transform3D(0.999843, 0, 0.017722, 0, 1, 0, -0.017722, 0, 0.999843, -592.078, 0, -582.844)

[node name="Rock01_35" parent="ScatterTool" instance=ExtResource("13_1mer4")]
transform = Transform3D(0.683986, 0, -0.729495, 0, 1, 0, 0.729495, 0, 0.683986, 78.5557, 0, 790.182)

[node name="Rock01_36" parent="ScatterTool" instance=ExtResource("13_1mer4")]
transform = Transform3D(-0.639747, 0, -0.768586, 0, 1, 0, 0.768586, 0, -0.639747, 623.042, 0, 220.834)

[node name="Rock01_37" parent="ScatterTool" instance=ExtResource("13_1mer4")]
transform = Transform3D(-0.840783, 0, -0.541372, 0, 1, 0, 0.541372, 0, -0.840783, 389.544, 0, 79.253)

[node name="Rock01_38" parent="ScatterTool" instance=ExtResource("13_1mer4")]
transform = Transform3D(-0.484586, 0, -0.874744, 0, 1, 0, 0.874744, 0, -0.484586, 746.842, 0, 20.235)

[node name="Rock01_39" parent="ScatterTool" instance=ExtResource("13_1mer4")]
transform = Transform3D(-0.374618, 0, 0.927179, 0, 1, 0, -0.927179, 0, -0.374618, -221.18, 0, -68.0226)

[node name="Rock01_40" parent="ScatterTool" instance=ExtResource("13_1mer4")]
transform = Transform3D(0.891609, 0, 0.452807, 0, 1, 0, -0.452807, 0, 0.891609, -90.9913, 0, 420.8)

[node name="Rock01_41" parent="ScatterTool" instance=ExtResource("13_1mer4")]
transform = Transform3D(0.0560334, 0, 0.998429, 0, 1, 0, -0.998429, 0, 0.0560334, -423.986, 0, 621.415)

[node name="Rock01_42" parent="ScatterTool" instance=ExtResource("13_1mer4")]
transform = Transform3D(0.885987, 0, 0.46371, 0, 1, 0, -0.46371, 0, 0.885987, -483.195, 0, 219.074)

[node name="Rock01_43" parent="ScatterTool" instance=ExtResource("13_1mer4")]
transform = Transform3D(0.976121, 0, 0.217226, 0, 1, 0, -0.217226, 0, 0.976121, -108.318, 0, -742.393)

[node name="Rock01_44" parent="ScatterTool" instance=ExtResource("13_1mer4")]
transform = Transform3D(-0.944957, 0, -0.327194, 0, 1, 0, 0.327194, 0, -0.944957, 724.499, 0, 1.53879)

[node name="Rock01_45" parent="ScatterTool" instance=ExtResource("13_1mer4")]
transform = Transform3D(-0.146094, 0, 0.989271, 0, 1, 0, -0.989271, 0, -0.146094, -738.638, 0, -794.969)

[node name="Rock01_46" parent="ScatterTool" instance=ExtResource("13_1mer4")]
transform = Transform3D(-0.297799, 0, -0.954629, 0, 1, 0, 0.954629, 0, -0.297799, 243.935, 0, -513.967)

[node name="Rock01_47" parent="ScatterTool" instance=ExtResource("13_1mer4")]
transform = Transform3D(0.231945, 0, -0.972729, 0, 1, 0, 0.972729, 0, 0.231945, -690.731, 0, 786.49)

[node name="Rock01_48" parent="ScatterTool" instance=ExtResource("13_1mer4")]
transform = Transform3D(-0.56495, 0, 0.825125, 0, 1, 0, -0.825125, 0, -0.56495, 297.104, 0, -10.5123)

[node name="Rock01_49" parent="ScatterTool" instance=ExtResource("13_1mer4")]
transform = Transform3D(-0.913431, 0, -0.406994, 0, 1, 0, 0.406994, 0, -0.913431, 298.006, 0, 412.16)

[node name="Rock01_50" parent="ScatterTool" instance=ExtResource("13_1mer4")]
transform = Transform3D(0.506391, 0, 0.862304, 0, 1, 0, -0.862304, 0, 0.506391, -595.688, 0, -85.6613)

[node name="Rock01_51" parent="ScatterTool" instance=ExtResource("13_1mer4")]
transform = Transform3D(-0.513306, 0, -0.858206, 0, 1, 0, 0.858206, 0, -0.513306, -115.929, 0, 379.516)

[node name="Rock01_52" parent="ScatterTool" instance=ExtResource("13_1mer4")]
transform = Transform3D(0.814839, 0, -0.579687, 0, 1, 0, 0.579687, 0, 0.814839, 437.346, 0, -96.1133)

[node name="Rock01_53" parent="ScatterTool" instance=ExtResource("13_1mer4")]
transform = Transform3D(0.0605417, 0, -0.998166, 0, 1, 0, 0.998166, 0, 0.0605417, -130.174, 0, -242.84)

[node name="Rock01_54" parent="ScatterTool" instance=ExtResource("13_1mer4")]
transform = Transform3D(0.652177, 0, 0.758067, 0, 1, 0, -0.758067, 0, 0.652177, -59.3231, 0, 515.484)

[node name="Rock01_55" parent="ScatterTool" instance=ExtResource("13_1mer4")]
transform = Transform3D(0.995408, 0, 0.0957187, 0, 1, 0, -0.0957187, 0, 0.995408, 259.359, 0, -252.557)

[node name="Rock01_56" parent="ScatterTool" instance=ExtResource("13_1mer4")]
transform = Transform3D(-0.515913, 0, 0.856641, 0, 1, 0, -0.856641, 0, -0.515913, 395.748, 0, -496.971)

[node name="Rock01_57" parent="ScatterTool" instance=ExtResource("13_1mer4")]
transform = Transform3D(-0.891605, 0, 0.452815, 0, 1, 0, -0.452815, 0, -0.891605, 360.386, 0, 352.072)

[node name="Rock01_58" parent="ScatterTool" instance=ExtResource("13_1mer4")]
transform = Transform3D(-0.84285, 0, 0.538149, 0, 1, 0, -0.538149, 0, -0.84285, 197.664, 0, -571.436)

[node name="Rock01_59" parent="ScatterTool" instance=ExtResource("13_1mer4")]
transform = Transform3D(-0.803016, 0, 0.595957, 0, 1, 0, -0.595957, 0, -0.803016, 223.839, 0, -709.873)

[node name="Rock01_60" parent="ScatterTool" instance=ExtResource("13_1mer4")]
transform = Transform3D(0.964868, 0, -0.262736, 0, 1, 0, 0.262736, 0, 0.964868, -413.788, 0, -713.229)

[node name="Rock01_61" parent="ScatterTool" instance=ExtResource("13_1mer4")]
transform = Transform3D(0.927166, 0, -0.374651, 0, 1, 0, 0.374651, 0, 0.927166, 482.493, 0, 563.293)

[node name="Rock01_62" parent="ScatterTool" instance=ExtResource("13_1mer4")]
transform = Transform3D(-0.407629, 0, 0.913148, 0, 1, 0, -0.913148, 0, -0.407629, -733.309, 0, -471.545)

[node name="Rock01_63" parent="ScatterTool" instance=ExtResource("13_1mer4")]
transform = Transform3D(0.999351, 0, -0.0360201, 0, 1, 0, 0.0360201, 0, 0.999351, 574.061, 0, -791.656)

[node name="Rock01_64" parent="ScatterTool" instance=ExtResource("13_1mer4")]
transform = Transform3D(-0.753995, 0, -0.65688, 0, 1, 0, 0.65688, 0, -0.753995, -334.518, 0, 662.713)

[node name="Rock01_65" parent="ScatterTool" instance=ExtResource("13_1mer4")]
transform = Transform3D(0.999744, 0, -0.0226138, 0, 1, 0, 0.0226138, 0, 0.999744, 703.552, 0, 117.298)

[node name="Rock01_66" parent="ScatterTool" instance=ExtResource("13_1mer4")]
transform = Transform3D(0.903007, 0, -0.429625, 0, 1, 0, 0.429625, 0, 0.903007, -667.904, 0, -141.492)

[node name="Rock01_67" parent="ScatterTool" instance=ExtResource("13_1mer4")]
transform = Transform3D(0.995401, 0, 0.0957928, 0, 1, 0, -0.0957928, 0, 0.995401, 148.453, 0, -139.54)

[node name="Rock01_68" parent="ScatterTool" instance=ExtResource("13_1mer4")]
transform = Transform3D(0.123343, 0, 0.992364, 0, 1, 0, -0.992364, 0, 0.123343, 55.5707, 0, 270.373)

[node name="Rock01_69" parent="ScatterTool" instance=ExtResource("13_1mer4")]
transform = Transform3D(-0.618105, 0, 0.786095, 0, 1, 0, -0.786095, 0, -0.618105, 441.176, 0, -730.19)

[node name="Rock01_70" parent="ScatterTool" instance=ExtResource("13_1mer4")]
transform = Transform3D(-0.272096, 0, 0.96227, 0, 1, 0, -0.96227, 0, -0.272096, -407.202, 0, 123.157)

[node name="Rock01_71" parent="ScatterTool" instance=ExtResource("13_1mer4")]
transform = Transform3D(0.997074, 0, -0.0764394, 0, 1, 0, 0.0764394, 0, 0.997074, -475.318, 0, 284.95)

[node name="Rock01_72" parent="ScatterTool" instance=ExtResource("13_1mer4")]
transform = Transform3D(0.811529, 0, 0.584312, 0, 1, 0, -0.584312, 0, 0.811529, -324.464, 0, 341.72)

[node name="Rock01_73" parent="ScatterTool" instance=ExtResource("13_1mer4")]
transform = Transform3D(0.405057, 0, -0.914291, 0, 1, 0, 0.914291, 0, 0.405057, 273.99, 0, 15.7995)

[node name="Rock01_74" parent="ScatterTool" instance=ExtResource("13_1mer4")]
transform = Transform3D(-0.829372, 0, 0.558696, 0, 1, 0, -0.558696, 0, -0.829372, -657.701, 0, -226.93)

[node name="Rock01_75" parent="ScatterTool" instance=ExtResource("13_1mer4")]
transform = Transform3D(-0.785831, 0, -0.618441, 0, 1, 0, 0.618441, 0, -0.785831, 188.952, 0, -748.261)

[node name="Rock01_76" parent="ScatterTool" instance=ExtResource("13_1mer4")]
transform = Transform3D(0.296879, 0, -0.954915, 0, 1, 0, 0.954915, 0, 0.296879, -719.375, 0, -759.753)

[node name="Rock01_77" parent="ScatterTool" instance=ExtResource("13_1mer4")]
transform = Transform3D(-0.871315, 0, 0.490723, 0, 1, 0, -0.490723, 0, -0.871315, 643.188, 0, 787.031)

[node name="Rock01_78" parent="ScatterTool" instance=ExtResource("13_1mer4")]
transform = Transform3D(-0.962672, 0, 0.270671, 0, 1, 0, -0.270671, 0, -0.962672, -19.4917, 0, 650.671)

[node name="Rock01_79" parent="ScatterTool" instance=ExtResource("13_1mer4")]
transform = Transform3D(-0.752267, 0, -0.658859, 0, 1, 0, 0.658859, 0, -0.752267, 765.616, 0, -232.677)

[node name="Rock01_80" parent="ScatterTool" instance=ExtResource("13_1mer4")]
transform = Transform3D(-0.958238, 0, 0.285971, 0, 1, 0, -0.285971, 0, -0.958238, 483.956, 0, -697.54)

[node name="Rock01_81" parent="ScatterTool" instance=ExtResource("13_1mer4")]
transform = Transform3D(0.992013, 0, 0.126136, 0, 1, 0, -0.126136, 0, 0.992013, 423.943, 0, -706.724)

[node name="Rock01_82" parent="ScatterTool" instance=ExtResource("13_1mer4")]
transform = Transform3D(-0.855938, 0, -0.517078, 0, 1, 0, 0.517078, 0, -0.855938, -669.68, 0, 462.829)

[node name="Rock01_83" parent="ScatterTool" instance=ExtResource("13_1mer4")]
transform = Transform3D(-0.788462, 0, -0.615083, 0, 1, 0, 0.615083, 0, -0.788462, 163.259, 0, 144.955)

[node name="Rock01_84" parent="ScatterTool" instance=ExtResource("13_1mer4")]
transform = Transform3D(0.278682, 0, -0.960383, 0, 1, 0, 0.960383, 0, 0.278682, 580.133, 0, -221.201)

[node name="Rock01_85" parent="ScatterTool" instance=ExtResource("13_1mer4")]
transform = Transform3D(-0.453871, 0, 0.891068, 0, 1, 0, -0.891068, 0, -0.453871, -440.107, 0, -467.665)

[node name="Rock01_86" parent="ScatterTool" instance=ExtResource("13_1mer4")]
transform = Transform3D(-0.0242265, 0, 0.999707, 0, 1, 0, -0.999707, 0, -0.0242265, 633.567, 0, -430.237)

[node name="Rock01_87" parent="ScatterTool" instance=ExtResource("13_1mer4")]
transform = Transform3D(0.992069, 0, -0.125697, 0, 1, 0, 0.125697, 0, 0.992069, -431.214, 0, 121.676)

[node name="Rock01_88" parent="ScatterTool" instance=ExtResource("13_1mer4")]
transform = Transform3D(0.700277, 0, -0.713871, 0, 1, 0, 0.713871, 0, 0.700277, -447.816, 0, 755.594)

[node name="Rock01_89" parent="ScatterTool" instance=ExtResource("13_1mer4")]
transform = Transform3D(-0.600762, 0, -0.799428, 0, 1, 0, 0.799428, 0, -0.600762, 709.86, 0, -437.071)

[node name="Rock01_90" parent="ScatterTool" instance=ExtResource("13_1mer4")]
transform = Transform3D(0.485229, 0, -0.874387, 0, 1, 0, 0.874387, 0, 0.485229, 626.858, 0, -427.968)

[node name="Rock01_91" parent="ScatterTool" instance=ExtResource("13_1mer4")]
transform = Transform3D(0.647111, 0, 0.762396, 0, 1, 0, -0.762396, 0, 0.647111, -565.178, 0, -141.153)

[node name="Rock01_92" parent="ScatterTool" instance=ExtResource("13_1mer4")]
transform = Transform3D(-0.867959, 0, -0.496635, 0, 1, 0, 0.496635, 0, -0.867959, -205.842, 0, 137.385)

[node name="Rock01_93" parent="ScatterTool" instance=ExtResource("13_1mer4")]
transform = Transform3D(0.387733, 0, 0.921772, 0, 1, 0, -0.921772, 0, 0.387733, -317.688, 0, -629.731)

[node name="Rock01_94" parent="ScatterTool" instance=ExtResource("13_1mer4")]
transform = Transform3D(-0.883586, 0, -0.468269, 0, 1, 0, 0.468269, 0, -0.883586, 144.627, 0, 592.154)

[node name="Rock01_95" parent="ScatterTool" instance=ExtResource("13_1mer4")]
transform = Transform3D(-0.528713, 0, -0.848801, 0, 1, 0, 0.848801, 0, -0.528713, 615.188, 0, 706.339)

[node name="Rock01_96" parent="ScatterTool" instance=ExtResource("13_1mer4")]
transform = Transform3D(0.965939, 0, -0.258771, 0, 1, 0, 0.258771, 0, 0.965939, -670.769, 0, -573.577)

[node name="Rock01_97" parent="ScatterTool" instance=ExtResource("13_1mer4")]
transform = Transform3D(0.999809, 0, 0.0195546, 0, 1, 0, -0.0195546, 0, 0.999809, -371.479, 0, -647.227)

[node name="Rock01_98" parent="ScatterTool" instance=ExtResource("13_1mer4")]
transform = Transform3D(-0.191959, 0, 0.981403, 0, 1, 0, -0.981403, 0, -0.191959, -518.152, 0, -279.209)

[node name="Rock01_99" parent="ScatterTool" instance=ExtResource("13_1mer4")]
transform = Transform3D(0.999379, 0, 0.0352229, 0, 1, 0, -0.0352229, 0, 0.999379, 468.085, 0, 639.937)

[node name="Rock01_100" parent="ScatterTool" instance=ExtResource("13_1mer4")]
transform = Transform3D(-0.615835, 0, 0.787875, 0, 1, 0, -0.787875, 0, -0.615835, 412.734, 0, 491.522)

[node name="Rock01_101" parent="ScatterTool" instance=ExtResource("13_1mer4")]
transform = Transform3D(-0.412448, 0, -0.910981, 0, 1, 0, 0.910981, 0, -0.412448, 329.131, 0, 143.918)

[node name="Rock01_102" parent="ScatterTool" instance=ExtResource("13_1mer4")]
transform = Transform3D(-0.971693, 0, 0.236247, 0, 1, 0, -0.236247, 0, -0.971693, 73.5201, 0, -550.035)

[node name="Rock01_103" parent="ScatterTool" instance=ExtResource("13_1mer4")]
transform = Transform3D(-0.732246, 0, -0.681041, 0, 1, 0, 0.681041, 0, -0.732246, -677.291, 0, -97.2362)

[node name="Rock01_104" parent="ScatterTool" instance=ExtResource("13_1mer4")]
transform = Transform3D(-0.922936, 0, -0.384954, 0, 1, 0, 0.384954, 0, -0.922936, 194.456, 0, -70.5645)

[node name="Rock01_105" parent="ScatterTool" instance=ExtResource("13_1mer4")]
transform = Transform3D(-0.649058, 0, -0.760739, 0, 1, 0, 0.760739, 0, -0.649058, -277.121, 0, -137.639)

[node name="Rock01_106" parent="ScatterTool" instance=ExtResource("13_1mer4")]
transform = Transform3D(-0.982396, 0, 0.186809, 0, 1, 0, -0.186809, 0, -0.982396, -22.5873, 0, 150.142)

[node name="Rock01_107" parent="ScatterTool" instance=ExtResource("13_1mer4")]
transform = Transform3D(-0.687922, 0, -0.725785, 0, 1, 0, 0.725785, 0, -0.687922, 23.623, 0, -608.652)

[node name="Rock01_108" parent="ScatterTool" instance=ExtResource("13_1mer4")]
transform = Transform3D(0.909861, 0, 0.414914, 0, 1, 0, -0.414914, 0, 0.909861, 414.13, 0, 181.819)

[node name="Rock01_109" parent="ScatterTool" instance=ExtResource("13_1mer4")]
transform = Transform3D(-0.987232, 0, -0.15929, 0, 1, 0, 0.15929, 0, -0.987232, 216.18, 0, 218.461)

[node name="Rock01_110" parent="ScatterTool" instance=ExtResource("13_1mer4")]
transform = Transform3D(0.922237, 0, 0.386626, 0, 1, 0, -0.386626, 0, 0.922237, -78.7831, 0, -488.559)

[node name="Rock01_111" parent="ScatterTool" instance=ExtResource("13_1mer4")]
transform = Transform3D(-0.97207, 0, 0.23469, 0, 1, 0, -0.23469, 0, -0.97207, -311.267, 0, 323.483)

[node name="Rock01_112" parent="ScatterTool" instance=ExtResource("13_1mer4")]
transform = Transform3D(-0.815918, 0, 0.578168, 0, 1, 0, -0.578168, 0, -0.815918, 741.061, 0, -476.716)

[node name="Rock01_113" parent="ScatterTool" instance=ExtResource("13_1mer4")]
transform = Transform3D(0.9072, 0, 0.4207, 0, 1, 0, -0.4207, 0, 0.9072, 103.729, 0, 751.834)

[node name="Rock01_114" parent="ScatterTool" instance=ExtResource("13_1mer4")]
transform = Transform3D(-0.754135, 0, -0.656719, 0, 1, 0, 0.656719, 0, -0.754135, -310.601, 0, -200.223)

[node name="Rock01_115" parent="ScatterTool" instance=ExtResource("13_1mer4")]
transform = Transform3D(-0.718924, 0, 0.695088, 0, 1, 0, -0.695088, 0, -0.718924, -487.849, 0, 783.239)

[node name="Rock01_116" parent="ScatterTool" instance=ExtResource("13_1mer4")]
transform = Transform3D(0.453726, 0, -0.891141, 0, 1, 0, 0.891141, 0, 0.453726, -584.554, 0, -345.741)

[node name="Rock01_117" parent="ScatterTool" instance=ExtResource("13_1mer4")]
transform = Transform3D(0.425185, 0, -0.905107, 0, 1, 0, 0.905107, 0, 0.425185, 418.695, 0, -181.028)

[node name="Rock01_118" parent="ScatterTool" instance=ExtResource("13_1mer4")]
transform = Transform3D(0.784424, 0, -0.620225, 0, 1, 0, 0.620225, 0, 0.784424, -159.316, 0, -437.247)

[node name="Rock01_119" parent="ScatterTool" instance=ExtResource("13_1mer4")]
transform = Transform3D(0.350849, 0, 0.936432, 0, 1, 0, -0.936432, 0, 0.350849, 613.489, 0, 217.132)

[node name="Rock01_120" parent="ScatterTool" instance=ExtResource("13_1mer4")]
transform = Transform3D(-0.68217, 0, -0.731193, 0, 1, 0, 0.731193, 0, -0.68217, -570.68, 0, 607.707)

[node name="Rock01_121" parent="ScatterTool" instance=ExtResource("13_1mer4")]
transform = Transform3D(-0.989105, 0, 0.147212, 0, 1, 0, -0.147212, 0, -0.989105, -136.397, 0, 495.412)

[node name="Rock01_122" parent="ScatterTool" instance=ExtResource("13_1mer4")]
transform = Transform3D(0.617686, 0, -0.786425, 0, 1, 0, 0.786425, 0, 0.617686, 326.302, 0, -422.761)

[node name="Rock01_123" parent="ScatterTool" instance=ExtResource("13_1mer4")]
transform = Transform3D(0.847449, 0, -0.530876, 0, 1, 0, 0.530876, 0, 0.847449, -539.089, 0, -106.612)

[node name="Rock01_124" parent="ScatterTool" instance=ExtResource("13_1mer4")]
transform = Transform3D(0.639632, 0, -0.768681, 0, 1, 0, 0.768681, 0, 0.639632, -338.051, 0, 213.836)

[node name="Rock01_125" parent="ScatterTool" instance=ExtResource("13_1mer4")]
transform = Transform3D(0.355161, 0, 0.934805, 0, 1, 0, -0.934805, 0, 0.355161, -752.383, 0, -574.246)

[node name="Rock01_126" parent="ScatterTool" instance=ExtResource("13_1mer4")]
transform = Transform3D(-0.136815, 0, 0.990597, 0, 1, 0, -0.990597, 0, -0.136815, 4.37083, 0, -449.13)

[node name="Rock01_127" parent="ScatterTool" instance=ExtResource("13_1mer4")]
transform = Transform3D(0.966625, 0, -0.256196, 0, 1, 0, 0.256196, 0, 0.966625, 783.736, 0, -3.89073)

[node name="Rock01_128" parent="ScatterTool" instance=ExtResource("13_1mer4")]
transform = Transform3D(0.8151, 0, -0.57932, 0, 1, 0, 0.57932, 0, 0.8151, 497.532, 0, -137.544)

[node name="Rock01_129" parent="ScatterTool" instance=ExtResource("13_1mer4")]
transform = Transform3D(0.881103, 0, 0.472925, 0, 1, 0, -0.472925, 0, 0.881103, 261.984, 0, 35.3501)

[node name="Rock01_130" parent="ScatterTool" instance=ExtResource("13_1mer4")]
transform = Transform3D(0.975955, 0, 0.217973, 0, 1, 0, -0.217973, 0, 0.975955, -640.769, 0, -195.377)

[node name="Rock01_131" parent="ScatterTool" instance=ExtResource("13_1mer4")]
transform = Transform3D(-0.991119, 0, -0.132977, 0, 1, 0, 0.132977, 0, -0.991119, 165.686, 0, 244.941)

[node name="Rock01_132" parent="ScatterTool" instance=ExtResource("13_1mer4")]
transform = Transform3D(0.783601, 0, -0.621265, 0, 1, 0, 0.621265, 0, 0.783601, -394.872, 0, 5.96538)

[node name="Rock01_133" parent="ScatterTool" instance=ExtResource("13_1mer4")]
transform = Transform3D(-0.529097, 0, -0.848561, 0, 1, 0, 0.848561, 0, -0.529097, -251.663, 0, 475.566)

[node name="Rock01_134" parent="ScatterTool" instance=ExtResource("13_1mer4")]
transform = Transform3D(-0.96524, 0, -0.261365, 0, 1, 0, 0.261365, 0, -0.96524, -402.836, 0, -54.9476)

[node name="Rock01_135" parent="ScatterTool" instance=ExtResource("13_1mer4")]
transform = Transform3D(-0.927911, 0, -0.372803, 0, 1, 0, 0.372803, 0, -0.927911, -382.72, 0, 172.475)

[node name="Rock01_136" parent="ScatterTool" instance=ExtResource("13_1mer4")]
transform = Transform3D(-0.999655, 0, -0.0262563, 0, 1, 0, 0.0262563, 0, -0.999655, -18.828, 0, 207.724)

[node name="Rock01_137" parent="ScatterTool" instance=ExtResource("13_1mer4")]
transform = Transform3D(0.967834, 0, 0.251589, 0, 1, 0, -0.251589, 0, 0.967834, 565.969, 0, 709.687)

[node name="Rock01_138" parent="ScatterTool" instance=ExtResource("13_1mer4")]
transform = Transform3D(0.064658, 0, -0.997907, 0, 1, 0, 0.997907, 0, 0.064658, 454.512, 0, 143.636)

[node name="Rock01_139" parent="ScatterTool" instance=ExtResource("13_1mer4")]
transform = Transform3D(0.304165, 0, -0.952619, 0, 1, 0, 0.952619, 0, 0.304165, 110.761, 0, -444.068)

[node name="Rock01_140" parent="ScatterTool" instance=ExtResource("13_1mer4")]
transform = Transform3D(0.310312, 0, -0.950635, 0, 1, 0, 0.950635, 0, 0.310312, 17.2326, 0, 331.013)

[node name="Rock01_141" parent="ScatterTool" instance=ExtResource("13_1mer4")]
transform = Transform3D(0.981119, 0, 0.193405, 0, 1, 0, -0.193405, 0, 0.981119, 222.443, 0, -52.7674)

[node name="Rock01_142" parent="ScatterTool" instance=ExtResource("13_1mer4")]
transform = Transform3D(-0.0432838, 0, 0.999063, 0, 1, 0, -0.999063, 0, -0.0432838, 663.262, 0, 159.836)

[node name="Rock01_143" parent="ScatterTool" instance=ExtResource("13_1mer4")]
transform = Transform3D(0.575192, 0, 0.818018, 0, 1, 0, -0.818018, 0, 0.575192, -656.87, 0, -500.782)

[node name="Rock01_144" parent="ScatterTool" instance=ExtResource("13_1mer4")]
transform = Transform3D(-0.878711, 0, 0.477354, 0, 1, 0, -0.477354, 0, -0.878711, -243.76, 0, 113.507)

[node name="Rock01_145" parent="ScatterTool" instance=ExtResource("13_1mer4")]
transform = Transform3D(-0.073599, 0, -0.997288, 0, 1, 0, 0.997288, 0, -0.073599, -334.826, 0, 381.409)

[node name="Rock01_146" parent="ScatterTool" instance=ExtResource("13_1mer4")]
transform = Transform3D(-0.630697, 0, -0.776029, 0, 1, 0, 0.776029, 0, -0.630697, -348.478, 0, 697.155)

[node name="Rock01_147" parent="ScatterTool" instance=ExtResource("13_1mer4")]
transform = Transform3D(-0.833641, 0, -0.552307, 0, 1, 0, 0.552307, 0, -0.833641, -142.895, 0, 494.269)

[node name="Rock01_148" parent="ScatterTool" instance=ExtResource("13_1mer4")]
transform = Transform3D(-0.0440423, 0, -0.99903, 0, 1, 0, 0.99903, 0, -0.0440423, 466.487, 0, -623.089)

[node name="Rock01_149" parent="ScatterTool" instance=ExtResource("13_1mer4")]
transform = Transform3D(-0.552685, 0, -0.83339, 0, 1, 0, 0.83339, 0, -0.552685, -732.183, 0, -43.1561)

[node name="Rock01_150" parent="ScatterTool" instance=ExtResource("13_1mer4")]
transform = Transform3D(0.679062, 0, -0.734081, 0, 1, 0, 0.734081, 0, 0.679062, -367.449, 0, 1.47985)

[node name="Rock01_151" parent="ScatterTool" instance=ExtResource("13_1mer4")]
transform = Transform3D(-0.999953, 0, 0.00968833, 0, 1, 0, -0.00968833, 0, -0.999953, 788.098, 0, -114.478)

[node name="Rock01_152" parent="ScatterTool" instance=ExtResource("13_1mer4")]
transform = Transform3D(0.537547, 0, 0.843234, 0, 1, 0, -0.843234, 0, 0.537547, -270.208, 0, 110.372)

[node name="Rock01_153" parent="ScatterTool" instance=ExtResource("13_1mer4")]
transform = Transform3D(-0.615679, 0, 0.787997, 0, 1, 0, -0.787997, 0, -0.615679, -337.265, 0, 629.152)

[node name="Rock01_154" parent="ScatterTool" instance=ExtResource("13_1mer4")]
transform = Transform3D(-0.997046, 0, 0.0768046, 0, 1, 0, -0.0768046, 0, -0.997046, 443.637, 0, 443.017)

[node name="Rock01_155" parent="ScatterTool" instance=ExtResource("13_1mer4")]
transform = Transform3D(0.189299, 0, -0.981919, 0, 1, 0, 0.981919, 0, 0.189299, -114.122, 0, -323.374)

[node name="Rock01_156" parent="ScatterTool" instance=ExtResource("13_1mer4")]
transform = Transform3D(-0.900106, 0, -0.435671, 0, 1, 0, 0.435671, 0, -0.900106, -420.911, 0, -315.471)

[node name="Rock01_157" parent="ScatterTool" instance=ExtResource("13_1mer4")]
transform = Transform3D(-0.143173, 0, -0.989698, 0, 1, 0, 0.989698, 0, -0.143173, 700.578, 0, 621.136)

[node name="Rock01_158" parent="ScatterTool" instance=ExtResource("13_1mer4")]
transform = Transform3D(0.716678, 0, 0.697404, 0, 1, 0, -0.697404, 0, 0.716678, -346.564, 0, -156.169)

[node name="Rock01_159" parent="ScatterTool" instance=ExtResource("13_1mer4")]
transform = Transform3D(-0.22701, 0, 0.973893, 0, 1, 0, -0.973893, 0, -0.22701, 665.031, 0, 141.659)

[node name="Rock01_160" parent="ScatterTool" instance=ExtResource("13_1mer4")]
transform = Transform3D(-0.556837, 0, -0.830622, 0, 1, 0, 0.830622, 0, -0.556837, 262.373, 0, 373.441)

[node name="Rock01_161" parent="ScatterTool" instance=ExtResource("13_1mer4")]
transform = Transform3D(0.713929, 0, 0.700218, 0, 1, 0, -0.700218, 0, 0.713929, 2.95569, 0, -214.018)

[node name="Rock01_162" parent="ScatterTool" instance=ExtResource("13_1mer4")]
transform = Transform3D(-0.951453, 0, 0.307793, 0, 1, 0, -0.307793, 0, -0.951453, -581.034, 0, 147.043)

[node name="Rock01_163" parent="ScatterTool" instance=ExtResource("13_1mer4")]
transform = Transform3D(-0.93382, 0, -0.357744, 0, 1, 0, 0.357744, 0, -0.93382, -179.276, 0, 460.066)

[node name="Rock01_164" parent="ScatterTool" instance=ExtResource("13_1mer4")]
transform = Transform3D(-0.895744, 0, -0.44457, 0, 1, 0, 0.44457, 0, -0.895744, 748.928, 0, -659.54)

[node name="Rock01_165" parent="ScatterTool" instance=ExtResource("13_1mer4")]
transform = Transform3D(-0.754478, 0, 0.656326, 0, 1, 0, -0.656326, 0, -0.754478, -750.759, 0, -487.581)

[node name="Rock01_166" parent="ScatterTool" instance=ExtResource("13_1mer4")]
transform = Transform3D(-0.214786, 0, -0.976661, 0, 1, 0, 0.976661, 0, -0.214786, -249.803, 0, 335.717)

[node name="Rock01_167" parent="ScatterTool" instance=ExtResource("13_1mer4")]
transform = Transform3D(0.743352, 0, -0.6689, 0, 1, 0, 0.6689, 0, 0.743352, 754.752, 0, -600.903)

[node name="Rock01_168" parent="ScatterTool" instance=ExtResource("13_1mer4")]
transform = Transform3D(0.22234, 0, -0.974969, 0, 1, 0, 0.974969, 0, 0.22234, -66.2104, 0, -325.321)

[node name="Rock01_169" parent="ScatterTool" instance=ExtResource("13_1mer4")]
transform = Transform3D(-0.820613, 0, 0.571484, 0, 1, 0, -0.571484, 0, -0.820613, -713.077, 0, -462.234)

[node name="Rock01_170" parent="ScatterTool" instance=ExtResource("13_1mer4")]
transform = Transform3D(-0.602511, 0, -0.79811, 0, 1, 0, 0.79811, 0, -0.602511, -642.743, 0, -560.812)

[node name="Rock01_171" parent="ScatterTool" instance=ExtResource("13_1mer4")]
transform = Transform3D(-0.992053, 0, -0.125819, 0, 1, 0, 0.125819, 0, -0.992053, 267.541, 0, 33.7633)

[node name="Rock01_172" parent="ScatterTool" instance=ExtResource("13_1mer4")]
transform = Transform3D(0.680352, 0, -0.732885, 0, 1, 0, 0.732885, 0, 0.680352, -272.444, 0, -385.965)

[node name="Rock01_173" parent="ScatterTool" instance=ExtResource("13_1mer4")]
transform = Transform3D(0.499327, 0, 0.866414, 0, 1, 0, -0.866414, 0, 0.499327, -571.466, 0, 28.2199)

[node name="Rock01_174" parent="ScatterTool" instance=ExtResource("13_1mer4")]
transform = Transform3D(0.184562, 0, -0.982821, 0, 1, 0, 0.982821, 0, 0.184562, -226.127, 0, 357.486)

[node name="Rock01_175" parent="ScatterTool" instance=ExtResource("13_1mer4")]
transform = Transform3D(0.488593, 0, -0.872512, 0, 1, 0, 0.872512, 0, 0.488593, 652.759, 0, 37.5767)

[node name="Rock01_176" parent="ScatterTool" instance=ExtResource("13_1mer4")]
transform = Transform3D(0.873257, 0, -0.48726, 0, 1, 0, 0.48726, 0, 0.873257, -449.86, 0, -192.222)

[node name="Rock01_177" parent="ScatterTool" instance=ExtResource("13_1mer4")]
transform = Transform3D(-0.501867, 0, 0.864945, 0, 1, 0, -0.864945, 0, -0.501867, -460.426, 0, -71.0943)

[node name="Rock01_178" parent="ScatterTool" instance=ExtResource("13_1mer4")]
transform = Transform3D(0.0429838, 0, 0.999076, 0, 1, 0, -0.999076, 0, 0.0429838, 437.938, 0, 67.4867)

[node name="Rock01_179" parent="ScatterTool" instance=ExtResource("13_1mer4")]
transform = Transform3D(-0.205009, 0, -0.97876, 0, 1, 0, 0.97876, 0, -0.205009, -106.749, 0, 661.079)

[node name="Rock01_180" parent="ScatterTool" instance=ExtResource("13_1mer4")]
transform = Transform3D(0.900564, 0, 0.434724, 0, 1, 0, -0.434724, 0, 0.900564, 786.246, 0, -348.607)

[node name="Rock01_181" parent="ScatterTool" instance=ExtResource("13_1mer4")]
transform = Transform3D(-0.999555, 0, 0.0298433, 0, 1, 0, -0.0298433, 0, -0.999555, -467.671, 0, -140.17)

[node name="Rock01_182" parent="ScatterTool" instance=ExtResource("13_1mer4")]
transform = Transform3D(0.412106, 0, 0.911136, 0, 1, 0, -0.911136, 0, 0.412106, -6.93061, 0, -70.8091)

[node name="Rock01_183" parent="ScatterTool" instance=ExtResource("13_1mer4")]
transform = Transform3D(0.695864, 0, -0.718174, 0, 1, 0, 0.718174, 0, 0.695864, -753.195, 0, -702.26)

[node name="Rock01_184" parent="ScatterTool" instance=ExtResource("13_1mer4")]
transform = Transform3D(0.497009, 0, 0.867745, 0, 1, 0, -0.867745, 0, 0.497009, -103.5, 0, 239.403)

[node name="Rock01_185" parent="ScatterTool" instance=ExtResource("13_1mer4")]
transform = Transform3D(0.930489, 0, 0.36632, 0, 1, 0, -0.36632, 0, 0.930489, -747.313, 0, -13.3542)

[node name="Rock01_186" parent="ScatterTool" instance=ExtResource("13_1mer4")]
transform = Transform3D(0.479441, 0, 0.877574, 0, 1, 0, -0.877574, 0, 0.479441, 160.197, 0, 797.067)

[node name="Rock01_187" parent="ScatterTool" instance=ExtResource("13_1mer4")]
transform = Transform3D(0.427706, 0, -0.903918, 0, 1, 0, 0.903918, 0, 0.427706, -648.669, 0, -550.272)

[node name="Rock01_188" parent="ScatterTool" instance=ExtResource("13_1mer4")]
