[gd_scene load_steps=26 format=3 uid="uid://qd2dr56t0uk1"]

[ext_resource type="PackedScene" uid="uid://7ohxd0qm20qn" path="res://scenes/player.tscn" id="3_stshx"]
[ext_resource type="Script" path="res://scripts/game_manager.gd" id="3_xifi4"]
[ext_resource type="Material" uid="uid://wrr7reshtt80" path="res://materials/ground.tres" id="4_15bx4"]
[ext_resource type="Script" path="res://scripts/camera_controller.gd" id="4_aelyh"]
[ext_resource type="PackedScene" path="res://scenes/crow_spawner.tscn" id="6_02e48"]
[ext_resource type="PackedScene" path="res://scenes/tumbleweed_spawner.tscn" id="7_ar1gb"]
[ext_resource type="PackedScene" uid="uid://r65iy714h0ti" path="res://scenes/UI/game_ui.tscn" id="8_uhfyn"]
[ext_resource type="PackedScene" uid="uid://cq7tqfe1mnjt" path="res://scenes/UI/GameOver.tscn" id="9_3yrix"]
[ext_resource type="Script" path="res://addons/ScatterTool/scatter_tool.gd" id="9_etvlb"]
[ext_resource type="Script" path="res://addons/ScatterTool/foliage_data.gd" id="10_dsg0b"]
[ext_resource type="Script" path="res://addons/ScatterTool/object_data.gd" id="11_gk061"]
[ext_resource type="Script" path="res://addons/ScatterTool/scene_data.gd" id="12_tfpec"]
[ext_resource type="PackedScene" uid="uid://b4umejt5tcvmj" path="res://scenes/rock_01.tscn" id="13_1mer4"]
[ext_resource type="PackedScene" uid="uid://b8er2vinep6dj" path="res://scenes/rock_small_01.tscn" id="14_wh3km"]
[ext_resource type="Script" path="res://addons/ScatterTool/scatter_data.gd" id="15_a04lp"]
[ext_resource type="PackedScene" uid="uid://byjojrcm551uw" path="res://scenes/cactus_hazard.tscn" id="15_u16vn"]

[sub_resource type="ProceduralSkyMaterial" id="ProceduralSkyMaterial_dheg4"]

[sub_resource type="Sky" id="Sky_vf68a"]
sky_material = SubResource("ProceduralSkyMaterial_dheg4")

[sub_resource type="Environment" id="Environment_afun3"]
background_mode = 2
sky = SubResource("Sky_vf68a")

[sub_resource type="PlaneMesh" id="PlaneMesh_4l2np"]
size = Vector2(10000, 10000)

[sub_resource type="WorldBoundaryShape3D" id="WorldBoundaryShape3D_l5nr7"]

[sub_resource type="Resource" id="Resource_yn7hr"]
script = ExtResource("12_tfpec")
scene = ExtResource("13_1mer4")
num = 400

[sub_resource type="Resource" id="Resource_3kjx5"]
script = ExtResource("12_tfpec")
scene = ExtResource("14_wh3km")
num = 400

[sub_resource type="Resource" id="Resource_j22r8"]
script = ExtResource("12_tfpec")
scene = ExtResource("15_u16vn")
num = 600

[sub_resource type="Resource" id="Resource_woep0"]
script = ExtResource("15_a04lp")
foliage_data = Array[ExtResource("10_dsg0b")]([])
object_data = Array[ExtResource("11_gk061")]([])
scene_data = Array[ExtResource("12_tfpec")]([SubResource("Resource_yn7hr"), SubResource("Resource_3kjx5"), SubResource("Resource_j22r8")])

[node name="World" type="Node3D"]

[node name="GameManager" type="Node" parent="." node_paths=PackedStringArray("player", "game_over_screen")]
script = ExtResource("3_xifi4")
player = NodePath("../Player")
game_over_screen = NodePath("../GameOver")

[node name="WorldEnvironment" type="WorldEnvironment" parent="."]
environment = SubResource("Environment_afun3")

[node name="DirectionalLight3D" type="DirectionalLight3D" parent="WorldEnvironment"]
transform = Transform3D(0.866025, -0.375609, 0.330027, 0, 0.660054, 0.751218, -0.5, -0.650574, 0.571624, 0, 9.35454, 0)
shadow_enabled = true

[node name="Ground" type="StaticBody3D" parent="."]

[node name="PlaneMesh" type="MeshInstance3D" parent="Ground"]
material_override = ExtResource("4_15bx4")
mesh = SubResource("PlaneMesh_4l2np")
skeleton = NodePath("../GroudCollider")

[node name="GroudCollider" type="CollisionShape3D" parent="Ground"]
shape = SubResource("WorldBoundaryShape3D_l5nr7")

[node name="Player" parent="." instance=ExtResource("3_stshx")]
max_speed = 7.5
acceleration = 3.5
friction = 0.075

[node name="Camera3D" type="Camera3D" parent="." node_paths=PackedStringArray("target")]
transform = Transform3D(1, 0, 0, 0, 0.985949, 0.167044, 0, -0.167044, 0.985949, 0, 6, 10)
script = ExtResource("4_aelyh")
lerp_speed = 20.0
target = NodePath("../Player")
offset = Vector3(0, 8, 8)

[node name="CrowSpawner" parent="." node_paths=PackedStringArray("player_ref") instance=ExtResource("6_02e48")]
player_ref = NodePath("../Player")
spawn_radius = 40.0
spawn_interval = 10.0

[node name="TumbleweedSpawner" parent="." node_paths=PackedStringArray("player_ref") instance=ExtResource("7_ar1gb")]
player_ref = NodePath("../Player")
tumbleweed_speed = 7.0
tumbleweed_perish_distance = 100.0
spawn_radius = 75.0
spawn_interval = 30.0

[node name="GameUI" parent="." instance=ExtResource("8_uhfyn")]

[node name="GameOver" parent="." instance=ExtResource("9_3yrix")]
visible = false

[node name="ScatterTool" type="Node3D" parent="."]
script = ExtResource("9_etvlb")
scatter_range = 800.0
instance_distance = 100.0
update_distance = 100.0
scatter_data = SubResource("Resource_woep0")

[node name="Rock01" parent="ScatterTool" instance=ExtResource("13_1mer4")]
transform = Transform3D(0.289211, 0, 0.957265, 0, 1, 0, -0.957265, 0, 0.289211, -752.134, 0, -495.045)

[node name="Rock01_1" parent="ScatterTool" instance=ExtResource("13_1mer4")]
transform = Transform3D(0.420317, 0, 0.907377, 0, 1, 0, -0.907377, 0, 0.420317, -202.855, 0, -322.74)

[node name="Rock01_2" parent="ScatterTool" instance=ExtResource("13_1mer4")]
transform = Transform3D(0.949682, 0, -0.313216, 0, 1, 0, 0.313216, 0, 0.949682, 511.476, 0, -176.004)

[node name="Rock01_3" parent="ScatterTool" instance=ExtResource("13_1mer4")]
transform = Transform3D(-0.350562, 0, 0.93654, 0, 1, 0, -0.93654, 0, -0.350562, 149.989, 0, -413.768)

[node name="Rock01_4" parent="ScatterTool" instance=ExtResource("13_1mer4")]
transform = Transform3D(0.072777, 0, -0.997348, 0, 1, 0, 0.997348, 0, 0.072777, 365.386, 0, 639.281)

[node name="Rock01_5" parent="ScatterTool" instance=ExtResource("13_1mer4")]
transform = Transform3D(-0.99656, 0, 0.0828757, 0, 1, 0, -0.0828757, 0, -0.99656, 458.215, 0, -240.756)

[node name="Rock01_6" parent="ScatterTool" instance=ExtResource("13_1mer4")]
transform = Transform3D(0.998499, 0, -0.0547746, 0, 1, 0, 0.0547746, 0, 0.998499, -373.704, 0, 587.528)

[node name="Rock01_7" parent="ScatterTool" instance=ExtResource("13_1mer4")]
transform = Transform3D(-0.921876, 0, 0.387485, 0, 1, 0, -0.387485, 0, -0.921876, 445.227, 0, -278.899)

[node name="Rock01_8" parent="ScatterTool" instance=ExtResource("13_1mer4")]
transform = Transform3D(-0.792432, 0, -0.60996, 0, 1, 0, 0.60996, 0, -0.792432, -672.54, 0, 108.379)

[node name="Rock01_9" parent="ScatterTool" instance=ExtResource("13_1mer4")]
transform = Transform3D(0.93093, 0, 0.365198, 0, 1, 0, -0.365198, 0, 0.93093, 118.489, 0, 368.912)

[node name="Rock01_10" parent="ScatterTool" instance=ExtResource("13_1mer4")]
transform = Transform3D(-0.967917, 0, -0.251269, 0, 1, 0, 0.251269, 0, -0.967917, -763.733, 0, 600.202)

[node name="Rock01_11" parent="ScatterTool" instance=ExtResource("13_1mer4")]
transform = Transform3D(0.282762, 0, 0.95919, 0, 1, 0, -0.95919, 0, 0.282762, 235.895, 0, 700.434)

[node name="Rock01_12" parent="ScatterTool" instance=ExtResource("13_1mer4")]
transform = Transform3D(0.918648, 0, 0.395077, 0, 1, 0, -0.395077, 0, 0.918648, 641.607, 0, 5.19652)

[node name="Rock01_13" parent="ScatterTool" instance=ExtResource("13_1mer4")]
transform = Transform3D(-0.9912, 0, -0.132373, 0, 1, 0, 0.132373, 0, -0.9912, -168.889, 0, 426.72)

[node name="Rock01_14" parent="ScatterTool" instance=ExtResource("13_1mer4")]
transform = Transform3D(-0.845384, 0, -0.534159, 0, 1, 0, 0.534159, 0, -0.845384, -746.402, 0, 673.743)

[node name="Rock01_15" parent="ScatterTool" instance=ExtResource("13_1mer4")]
transform = Transform3D(0.837333, 0, -0.546693, 0, 1, 0, 0.546693, 0, 0.837333, -619.819, 0, 123.395)

[node name="Rock01_16" parent="ScatterTool" instance=ExtResource("13_1mer4")]
transform = Transform3D(0.033378, 0, 0.999443, 0, 1, 0, -0.999443, 0, 0.033378, 400.999, 0, 275.363)

[node name="Rock01_17" parent="ScatterTool" instance=ExtResource("13_1mer4")]
transform = Transform3D(0.96547, 0, 0.260515, 0, 1, 0, -0.260515, 0, 0.96547, 665.071, 0, 229.454)

[node name="Rock01_18" parent="ScatterTool" instance=ExtResource("13_1mer4")]
transform = Transform3D(0.819816, 0, 0.572627, 0, 1, 0, -0.572627, 0, 0.819816, -235.698, 0, -543.004)

[node name="Rock01_19" parent="ScatterTool" instance=ExtResource("13_1mer4")]
transform = Transform3D(0.99918, 0, 0.0404988, 0, 1, 0, -0.0404988, 0, 0.99918, 623.507, 0, -602.542)

[node name="Rock01_20" parent="ScatterTool" instance=ExtResource("13_1mer4")]
transform = Transform3D(-0.111354, 0, -0.993781, 0, 1, 0, 0.993781, 0, -0.111354, -164.469, 0, -145.691)

[node name="Rock01_21" parent="ScatterTool" instance=ExtResource("13_1mer4")]
transform = Transform3D(0.989905, 0, -0.141731, 0, 1, 0, 0.141731, 0, 0.989905, 129.779, 0, 221.368)

[node name="Rock01_22" parent="ScatterTool" instance=ExtResource("13_1mer4")]
transform = Transform3D(-0.0713065, 0, -0.997454, 0, 1, 0, 0.997454, 0, -0.0713065, 706.375, 0, -213.982)

[node name="Rock01_23" parent="ScatterTool" instance=ExtResource("13_1mer4")]
transform = Transform3D(-0.00643483, 0, 0.999979, 0, 1, 0, -0.999979, 0, -0.00643483, -241.643, 0, 447.393)

[node name="Rock01_24" parent="ScatterTool" instance=ExtResource("13_1mer4")]
transform = Transform3D(0.0577285, 0, -0.998332, 0, 1, 0, 0.998332, 0, 0.0577285, 286.653, 0, -1.31786)

[node name="Rock01_25" parent="ScatterTool" instance=ExtResource("13_1mer4")]
transform = Transform3D(0.473279, 0, -0.880913, 0, 1, 0, 0.880913, 0, 0.473279, 209.378, 0, 238.839)

[node name="Rock01_26" parent="ScatterTool" instance=ExtResource("13_1mer4")]
transform = Transform3D(0.328147, 0, -0.944627, 0, 1, 0, 0.944627, 0, 0.328147, 277.185, 0, 574.856)

[node name="Rock01_27" parent="ScatterTool" instance=ExtResource("13_1mer4")]
transform = Transform3D(-0.236519, 0, 0.971627, 0, 1, 0, -0.971627, 0, -0.236519, -312.493, 0, -587.69)

[node name="Rock01_28" parent="ScatterTool" instance=ExtResource("13_1mer4")]
transform = Transform3D(-0.930122, 0, -0.36725, 0, 1, 0, 0.36725, 0, -0.930122, 436.064, 0, 187.335)

[node name="Rock01_29" parent="ScatterTool" instance=ExtResource("13_1mer4")]
transform = Transform3D(0.999812, 0, -0.0193797, 0, 1, 0, 0.0193797, 0, 0.999812, 525.872, 0, -94.4384)

[node name="Rock01_30" parent="ScatterTool" instance=ExtResource("13_1mer4")]
transform = Transform3D(-0.385664, 0, 0.922639, 0, 1, 0, -0.922639, 0, -0.385664, 40.7713, 0, -351.787)

[node name="Rock01_31" parent="ScatterTool" instance=ExtResource("13_1mer4")]
transform = Transform3D(-0.978405, 0, -0.206699, 0, 1, 0, 0.206699, 0, -0.978405, -396.95, 0, -19.5883)

[node name="Rock01_32" parent="ScatterTool" instance=ExtResource("13_1mer4")]
transform = Transform3D(0.243058, 0, 0.970012, 0, 1, 0, -0.970012, 0, 0.243058, -771.802, 0, 786.249)

[node name="Rock01_33" parent="ScatterTool" instance=ExtResource("13_1mer4")]
transform = Transform3D(0.995229, 0, 0.0975671, 0, 1, 0, -0.0975671, 0, 0.995229, 101.893, 0, 179.177)

[node name="Rock01_34" parent="ScatterTool" instance=ExtResource("13_1mer4")]
transform = Transform3D(0.640419, 0, -0.768026, 0, 1, 0, 0.768026, 0, 0.640419, -66.8193, 0, 231.354)

[node name="Rock01_35" parent="ScatterTool" instance=ExtResource("13_1mer4")]
transform = Transform3D(-0.943727, 0, 0.330726, 0, 1, 0, -0.330726, 0, -0.943727, -215.262, 0, -604.824)

[node name="Rock01_36" parent="ScatterTool" instance=ExtResource("13_1mer4")]
transform = Transform3D(-0.588539, 0, -0.808469, 0, 1, 0, 0.808469, 0, -0.588539, 279.028, 0, -729.46)

[node name="Rock01_37" parent="ScatterTool" instance=ExtResource("13_1mer4")]
transform = Transform3D(0.903053, 0, -0.429529, 0, 1, 0, 0.429529, 0, 0.903053, 316.091, 0, 503.382)

[node name="Rock01_38" parent="ScatterTool" instance=ExtResource("13_1mer4")]
transform = Transform3D(0.993879, 0, -0.110476, 0, 1, 0, 0.110476, 0, 0.993879, -464.166, 0, 566.492)

[node name="Rock01_39" parent="ScatterTool" instance=ExtResource("13_1mer4")]
transform = Transform3D(-0.941146, 0, -0.337999, 0, 1, 0, 0.337999, 0, -0.941146, -135.638, 0, -493.269)

[node name="Rock01_40" parent="ScatterTool" instance=ExtResource("13_1mer4")]
transform = Transform3D(0.637816, 0, 0.770189, 0, 1, 0, -0.770189, 0, 0.637816, -236.381, 0, -362.115)

[node name="Rock01_41" parent="ScatterTool" instance=ExtResource("13_1mer4")]
transform = Transform3D(0.971171, 0, 0.238383, 0, 1, 0, -0.238383, 0, 0.971171, 306.25, 0, 631.877)

[node name="Rock01_42" parent="ScatterTool" instance=ExtResource("13_1mer4")]
transform = Transform3D(0.404343, 0, -0.914607, 0, 1, 0, 0.914607, 0, 0.404343, -749.802, 0, -591.788)

[node name="Rock01_43" parent="ScatterTool" instance=ExtResource("13_1mer4")]
transform = Transform3D(0.784981, 0, 0.61952, 0, 1, 0, -0.61952, 0, 0.784981, -643.594, 0, 406.832)

[node name="Rock01_44" parent="ScatterTool" instance=ExtResource("13_1mer4")]
transform = Transform3D(0.336764, 0, 0.941589, 0, 1, 0, -0.941589, 0, 0.336764, 107.086, 0, -482.549)

[node name="Rock01_45" parent="ScatterTool" instance=ExtResource("13_1mer4")]
transform = Transform3D(-0.351598, 0, 0.936151, 0, 1, 0, -0.936151, 0, -0.351598, 401.515, 0, -790.296)

[node name="Rock01_46" parent="ScatterTool" instance=ExtResource("13_1mer4")]
transform = Transform3D(-0.109576, 0, 0.993978, 0, 1, 0, -0.993978, 0, -0.109576, -86.5071, 0, -339.835)

[node name="Rock01_47" parent="ScatterTool" instance=ExtResource("13_1mer4")]
transform = Transform3D(-0.843792, 0, -0.536671, 0, 1, 0, 0.536671, 0, -0.843792, 86.8468, 0, -188.842)

[node name="Rock01_48" parent="ScatterTool" instance=ExtResource("13_1mer4")]
transform = Transform3D(0.0239498, 0, -0.999713, 0, 1, 0, 0.999713, 0, 0.0239498, -175.637, 0, 406.745)

[node name="Rock01_49" parent="ScatterTool" instance=ExtResource("13_1mer4")]
transform = Transform3D(-0.628804, 0, -0.777564, 0, 1, 0, 0.777564, 0, -0.628804, 764.278, 0, -645.134)

[node name="Rock01_50" parent="ScatterTool" instance=ExtResource("13_1mer4")]
transform = Transform3D(-0.994961, 0, -0.100265, 0, 1, 0, 0.100265, 0, -0.994961, 383.086, 0, 545.612)

[node name="Rock01_51" parent="ScatterTool" instance=ExtResource("13_1mer4")]
transform = Transform3D(0.552794, 0, 0.833318, 0, 1, 0, -0.833318, 0, 0.552794, 538.267, 0, 708.516)

[node name="Rock01_52" parent="ScatterTool" instance=ExtResource("13_1mer4")]
transform = Transform3D(0.954248, 0, -0.299017, 0, 1, 0, 0.299017, 0, 0.954248, 636.826, 0, -460.297)

[node name="Rock01_53" parent="ScatterTool" instance=ExtResource("13_1mer4")]
transform = Transform3D(0.565034, 0, 0.825068, 0, 1, 0, -0.825068, 0, 0.565034, 740.683, 0, -580.953)

[node name="Rock01_54" parent="ScatterTool" instance=ExtResource("13_1mer4")]
transform = Transform3D(0.0754144, 0, 0.997152, 0, 1, 0, -0.997152, 0, 0.0754144, -192.332, 0, 504.813)

[node name="Rock01_55" parent="ScatterTool" instance=ExtResource("13_1mer4")]
transform = Transform3D(0.118992, 0, -0.992895, 0, 1, 0, 0.992895, 0, 0.118992, 261.794, 0, 158.665)

[node name="Rock01_56" parent="ScatterTool" instance=ExtResource("13_1mer4")]
transform = Transform3D(0.452215, 0, 0.891909, 0, 1, 0, -0.891909, 0, 0.452215, 507.965, 0, -630.75)

[node name="Rock01_57" parent="ScatterTool" instance=ExtResource("13_1mer4")]
transform = Transform3D(-0.470421, 0, 0.882442, 0, 1, 0, -0.882442, 0, -0.470421, 98.7194, 0, -470.985)

[node name="Rock01_58" parent="ScatterTool" instance=ExtResource("13_1mer4")]
transform = Transform3D(-0.234294, 0, 0.972166, 0, 1, 0, -0.972166, 0, -0.234294, -249.757, 0, -95.6154)

[node name="Rock01_59" parent="ScatterTool" instance=ExtResource("13_1mer4")]
transform = Transform3D(-0.942808, 0, 0.333338, 0, 1, 0, -0.333338, 0, -0.942808, 276.61, 0, 608.824)

[node name="Rock01_60" parent="ScatterTool" instance=ExtResource("13_1mer4")]
transform = Transform3D(-0.257657, 0, -0.966236, 0, 1, 0, 0.966236, 0, -0.257657, -22.1118, 0, 554.066)

[node name="Rock01_61" parent="ScatterTool" instance=ExtResource("13_1mer4")]
transform = Transform3D(-0.950086, 0, -0.311989, 0, 1, 0, 0.311989, 0, -0.950086, -213.071, 0, 226.234)

[node name="Rock01_62" parent="ScatterTool" instance=ExtResource("13_1mer4")]
transform = Transform3D(0.19222, 0, 0.981352, 0, 1, 0, -0.981352, 0, 0.19222, -450.65, 0, 654.56)

[node name="Rock01_63" parent="ScatterTool" instance=ExtResource("13_1mer4")]
transform = Transform3D(-0.956046, 0, -0.293216, 0, 1, 0, 0.293216, 0, -0.956046, 376.409, 0, -492.979)

[node name="Rock01_64" parent="ScatterTool" instance=ExtResource("13_1mer4")]
transform = Transform3D(0.820381, 0, 0.571818, 0, 1, 0, -0.571818, 0, 0.820381, -275.785, 0, -463.278)

[node name="Rock01_65" parent="ScatterTool" instance=ExtResource("13_1mer4")]
transform = Transform3D(-0.825396, 0, 0.564554, 0, 1, 0, -0.564554, 0, -0.825396, 340.344, 0, -151.403)

[node name="Rock01_66" parent="ScatterTool" instance=ExtResource("13_1mer4")]
transform = Transform3D(0.756996, 0, -0.653419, 0, 1, 0, 0.653419, 0, 0.756996, 545.866, 0, -585.218)

[node name="Rock01_67" parent="ScatterTool" instance=ExtResource("13_1mer4")]
transform = Transform3D(0.998599, 0, 0.0529102, 0, 1, 0, -0.0529102, 0, 0.998599, 110.416, 0, -17.0336)

[node name="Rock01_68" parent="ScatterTool" instance=ExtResource("13_1mer4")]
transform = Transform3D(0.96994, 0, -0.243343, 0, 1, 0, 0.243343, 0, 0.96994, -593.549, 0, -609.542)

[node name="Rock01_69" parent="ScatterTool" instance=ExtResource("13_1mer4")]
transform = Transform3D(0.223561, 0, 0.97469, 0, 1, 0, -0.97469, 0, 0.223561, 452.124, 0, 643.227)

[node name="Rock01_70" parent="ScatterTool" instance=ExtResource("13_1mer4")]
transform = Transform3D(0.726939, 0, -0.686702, 0, 1, 0, 0.686702, 0, 0.726939, -208.54, 0, 428.778)

[node name="Rock01_71" parent="ScatterTool" instance=ExtResource("13_1mer4")]
transform = Transform3D(-0.78848, 0, -0.615061, 0, 1, 0, 0.615061, 0, -0.78848, -361.466, 0, -581.412)

[node name="Rock01_72" parent="ScatterTool" instance=ExtResource("13_1mer4")]
transform = Transform3D(0.0653775, 0, -0.997861, 0, 1, 0, 0.997861, 0, 0.0653775, -792.236, 0, 742.697)

[node name="Rock01_73" parent="ScatterTool" instance=ExtResource("13_1mer4")]
transform = Transform3D(-0.448119, 0, -0.893974, 0, 1, 0, 0.893974, 0, -0.448119, 527.884, 0, 141.069)

[node name="Rock01_74" parent="ScatterTool" instance=ExtResource("13_1mer4")]
transform = Transform3D(-0.974361, 0, 0.22499, 0, 1, 0, -0.22499, 0, -0.974361, 204.905, 0, -326.252)

[node name="Rock01_75" parent="ScatterTool" instance=ExtResource("13_1mer4")]
transform = Transform3D(-0.397245, 0, -0.917713, 0, 1, 0, 0.917713, 0, -0.397245, -66.058, 0, 664.02)

[node name="Rock01_76" parent="ScatterTool" instance=ExtResource("13_1mer4")]
transform = Transform3D(-0.999998, 0, -0.00212746, 0, 1, 0, 0.00212746, 0, -0.999998, 512.716, 0, -532.488)

[node name="Rock01_77" parent="ScatterTool" instance=ExtResource("13_1mer4")]
transform = Transform3D(-0.168187, 0, -0.985755, 0, 1, 0, 0.985755, 0, -0.168187, -690.651, 0, 334.24)

[node name="Rock01_78" parent="ScatterTool" instance=ExtResource("13_1mer4")]
transform = Transform3D(-0.825075, 0, -0.565024, 0, 1, 0, 0.565024, 0, -0.825075, -278.207, 0, -279.404)

[node name="Rock01_79" parent="ScatterTool" instance=ExtResource("13_1mer4")]
transform = Transform3D(-0.951774, 0, 0.306799, 0, 1, 0, -0.306799, 0, -0.951774, -521.58, 0, -144.866)

[node name="Rock01_80" parent="ScatterTool" instance=ExtResource("13_1mer4")]
transform = Transform3D(-0.405992, 0, 0.913877, 0, 1, 0, -0.913877, 0, -0.405992, -188.944, 0, -195.406)

[node name="Rock01_81" parent="ScatterTool" instance=ExtResource("13_1mer4")]
transform = Transform3D(-0.747086, 0, 0.664727, 0, 1, 0, -0.664727, 0, -0.747086, 505.473, 0, 104.769)

[node name="Rock01_82" parent="ScatterTool" instance=ExtResource("13_1mer4")]
transform = Transform3D(0.584516, 0, 0.811382, 0, 1, 0, -0.811382, 0, 0.584516, 551.816, 0, 339.864)

[node name="Rock01_83" parent="ScatterTool" instance=ExtResource("13_1mer4")]
transform = Transform3D(0.896646, 0, -0.442749, 0, 1, 0, 0.442749, 0, 0.896646, -276.041, 0, 651.235)

[node name="Rock01_84" parent="ScatterTool" instance=ExtResource("13_1mer4")]
transform = Transform3D(0.981544, 0, -0.191235, 0, 1, 0, 0.191235, 0, 0.981544, 786.285, 0, -299.213)

[node name="Rock01_85" parent="ScatterTool" instance=ExtResource("13_1mer4")]
transform = Transform3D(-0.795057, 0, -0.606534, 0, 1, 0, 0.606534, 0, -0.795057, -699.884, 0, 792.868)

[node name="Rock01_86" parent="ScatterTool" instance=ExtResource("13_1mer4")]
transform = Transform3D(-0.997478, 0, -0.070976, 0, 1, 0, 0.070976, 0, -0.997478, 286.742, 0, -327.304)

[node name="Rock01_87" parent="ScatterTool" instance=ExtResource("13_1mer4")]
transform = Transform3D(-0.317765, 0, -0.948169, 0, 1, 0, 0.948169, 0, -0.317765, 675.476, 0, 456.821)

[node name="Rock01_88" parent="ScatterTool" instance=ExtResource("13_1mer4")]
transform = Transform3D(0.993115, 0, -0.117144, 0, 1, 0, 0.117144, 0, 0.993115, -484.099, 0, 73.3282)

[node name="Rock01_89" parent="ScatterTool" instance=ExtResource("13_1mer4")]
transform = Transform3D(-0.0110367, 0, -0.999939, 0, 1, 0, 0.999939, 0, -0.0110367, -20.2649, 0, -711.368)

[node name="Rock01_90" parent="ScatterTool" instance=ExtResource("13_1mer4")]
transform = Transform3D(-0.184626, 0, 0.982809, 0, 1, 0, -0.982809, 0, -0.184626, 68.7775, 0, -23.6967)

[node name="Rock01_91" parent="ScatterTool" instance=ExtResource("13_1mer4")]
transform = Transform3D(0.662089, 0, 0.749425, 0, 1, 0, -0.749425, 0, 0.662089, -665.484, 0, -22.4528)

[node name="Rock01_92" parent="ScatterTool" instance=ExtResource("13_1mer4")]
transform = Transform3D(0.152987, 0, -0.988228, 0, 1, 0, 0.988228, 0, 0.152987, -86.886, 0, 248.085)

[node name="Rock01_93" parent="ScatterTool" instance=ExtResource("13_1mer4")]
transform = Transform3D(0.885387, 0, 0.464854, 0, 1, 0, -0.464854, 0, 0.885387, -236.981, 0, -255.48)

[node name="Rock01_94" parent="ScatterTool" instance=ExtResource("13_1mer4")]
transform = Transform3D(0.735119, 0, -0.677938, 0, 1, 0, 0.677938, 0, 0.735119, 321.35, 0, 525.613)

[node name="Rock01_95" parent="ScatterTool" instance=ExtResource("13_1mer4")]
transform = Transform3D(0.288977, 0, -0.957336, 0, 1, 0, 0.957336, 0, 0.288977, 133.656, 0, -656.798)

[node name="Rock01_96" parent="ScatterTool" instance=ExtResource("13_1mer4")]
transform = Transform3D(-0.594602, 0, -0.80402, 0, 1, 0, 0.80402, 0, -0.594602, 344.118, 0, -522.519)

[node name="Rock01_97" parent="ScatterTool" instance=ExtResource("13_1mer4")]
transform = Transform3D(-0.99195, 0, 0.126632, 0, 1, 0, -0.126632, 0, -0.99195, -708.066, 0, 705.611)

[node name="Rock01_98" parent="ScatterTool" instance=ExtResource("13_1mer4")]
transform = Transform3D(-0.000632338, 0, -1, 0, 1, 0, 1, 0, -0.000632338, -390.004, 0, -235.771)

[node name="Rock01_99" parent="ScatterTool" instance=ExtResource("13_1mer4")]
transform = Transform3D(0.849657, 0, 0.527337, 0, 1, 0, -0.527337, 0, 0.849657, 647.214, 0, 108.077)

[node name="Rock01_100" parent="ScatterTool" instance=ExtResource("13_1mer4")]
transform = Transform3D(-0.204474, 0, 0.978872, 0, 1, 0, -0.978872, 0, -0.204474, 112.41, 0, 555.806)

[node name="Rock01_101" parent="ScatterTool" instance=ExtResource("13_1mer4")]
transform = Transform3D(-0.00887709, 0, -0.999961, 0, 1, 0, 0.999961, 0, -0.00887709, 555.747, 0, -726.661)

[node name="Rock01_102" parent="ScatterTool" instance=ExtResource("13_1mer4")]
transform = Transform3D(-0.112485, 0, -0.993653, 0, 1, 0, 0.993653, 0, -0.112485, 546.253, 0, -287.529)

[node name="Rock01_103" parent="ScatterTool" instance=ExtResource("13_1mer4")]
transform = Transform3D(-0.637578, 0, 0.770386, 0, 1, 0, -0.770386, 0, -0.637578, -696.493, 0, -153.886)

[node name="Rock01_104" parent="ScatterTool" instance=ExtResource("13_1mer4")]
transform = Transform3D(0.919472, 0, -0.393155, 0, 1, 0, 0.393155, 0, 0.919472, -633.646, 0, 756.963)

[node name="Rock01_105" parent="ScatterTool" instance=ExtResource("13_1mer4")]
transform = Transform3D(0.98598, 0, -0.166864, 0, 1, 0, 0.166864, 0, 0.98598, 127.611, 0, 172.528)

[node name="Rock01_106" parent="ScatterTool" instance=ExtResource("13_1mer4")]
transform = Transform3D(0.128011, 0, -0.991773, 0, 1, 0, 0.991773, 0, 0.128011, 645.755, 0, 467.93)

[node name="Rock01_107" parent="ScatterTool" instance=ExtResource("13_1mer4")]
transform = Transform3D(-0.582475, 0, 0.812849, 0, 1, 0, -0.812849, 0, -0.582475, -15.9196, 0, 566.84)

[node name="Rock01_108" parent="ScatterTool" instance=ExtResource("13_1mer4")]
transform = Transform3D(-0.843065, 0, -0.537811, 0, 1, 0, 0.537811, 0, -0.843065, 218.951, 0, 70.161)

[node name="Rock01_109" parent="ScatterTool" instance=ExtResource("13_1mer4")]
transform = Transform3D(-0.259465, 0, 0.965752, 0, 1, 0, -0.965752, 0, -0.259465, -765.049, 0, -94.4831)

[node name="Rock01_110" parent="ScatterTool" instance=ExtResource("13_1mer4")]
transform = Transform3D(-0.750435, 0, -0.660944, 0, 1, 0, 0.660944, 0, -0.750435, -275.249, 0, 122.017)

[node name="Rock01_111" parent="ScatterTool" instance=ExtResource("13_1mer4")]
transform = Transform3D(0.949216, 0, 0.314624, 0, 1, 0, -0.314624, 0, 0.949216, 413.391, 0, -298.799)

[node name="Rock01_112" parent="ScatterTool" instance=ExtResource("13_1mer4")]
transform = Transform3D(0.39776, 0, -0.91749, 0, 1, 0, 0.91749, 0, 0.39776, -757.745, 0, -671.483)

[node name="Rock01_113" parent="ScatterTool" instance=ExtResource("13_1mer4")]
transform = Transform3D(0.999319, 0, 0.0368878, 0, 1, 0, -0.0368878, 0, 0.999319, 279.426, 0, 297.864)

[node name="Rock01_114" parent="ScatterTool" instance=ExtResource("13_1mer4")]
transform = Transform3D(0.955225, 0, 0.29588, 0, 1, 0, -0.29588, 0, 0.955225, 404.33, 0, -557.853)

[node name="Rock01_115" parent="ScatterTool" instance=ExtResource("13_1mer4")]
transform = Transform3D(0.934143, 0, -0.356898, 0, 1, 0, 0.356898, 0, 0.934143, 363.428, 0, -568.323)

[node name="Rock01_116" parent="ScatterTool" instance=ExtResource("13_1mer4")]
transform = Transform3D(0.999734, 0, 0.0230607, 0, 1, 0, -0.0230607, 0, 0.999734, -582.048, 0, -444.868)

[node name="Rock01_117" parent="ScatterTool" instance=ExtResource("13_1mer4")]
transform = Transform3D(0.859557, 0, -0.51104, 0, 1, 0, 0.51104, 0, 0.859557, -515.006, 0, 374.389)

[node name="Rock01_118" parent="ScatterTool" instance=ExtResource("13_1mer4")]
transform = Transform3D(0.919187, 0, 0.39382, 0, 1, 0, -0.39382, 0, 0.919187, -267.396, 0, -422.379)

[node name="Rock01_119" parent="ScatterTool" instance=ExtResource("13_1mer4")]
transform = Transform3D(0.894961, 0, 0.446144, 0, 1, 0, -0.446144, 0, 0.894961, 227.752, 0, -687.251)

[node name="Rock01_120" parent="ScatterTool" instance=ExtResource("13_1mer4")]
transform = Transform3D(-0.383191, 0, 0.923669, 0, 1, 0, -0.923669, 0, -0.383191, -295.443, 0, -522.937)

[node name="Rock01_121" parent="ScatterTool" instance=ExtResource("13_1mer4")]
transform = Transform3D(-0.885536, 0, -0.464572, 0, 1, 0, 0.464572, 0, -0.885536, 653.068, 0, -548.267)

[node name="Rock01_122" parent="ScatterTool" instance=ExtResource("13_1mer4")]
transform = Transform3D(-0.280353, 0, -0.959897, 0, 1, 0, 0.959897, 0, -0.280353, -145.23, 0, 317.39)

[node name="Rock01_123" parent="ScatterTool" instance=ExtResource("13_1mer4")]
transform = Transform3D(-0.919827, 0, -0.392325, 0, 1, 0, 0.392325, 0, -0.919827, -665.892, 0, -797.279)

[node name="Rock01_124" parent="ScatterTool" instance=ExtResource("13_1mer4")]
transform = Transform3D(-0.450827, 0, -0.892611, 0, 1, 0, 0.892611, 0, -0.450827, -610.888, 0, 665.437)

[node name="Rock01_125" parent="ScatterTool" instance=ExtResource("13_1mer4")]
transform = Transform3D(0.18788, 0, 0.982192, 0, 1, 0, -0.982192, 0, 0.18788, 574.542, 0, 423.687)

[node name="Rock01_126" parent="ScatterTool" instance=ExtResource("13_1mer4")]
transform = Transform3D(0.532143, 0, 0.846655, 0, 1, 0, -0.846655, 0, 0.532143, -28.5191, 0, 410.112)

[node name="Rock01_127" parent="ScatterTool" instance=ExtResource("13_1mer4")]
transform = Transform3D(-0.0799044, 0, -0.996803, 0, 1, 0, 0.996803, 0, -0.0799044, 447.105, 0, 268.67)

[node name="Rock01_128" parent="ScatterTool" instance=ExtResource("13_1mer4")]
transform = Transform3D(0.732892, 0, -0.680345, 0, 1, 0, 0.680345, 0, 0.732892, 182.213, 0, 106.185)

[node name="Rock01_129" parent="ScatterTool" instance=ExtResource("13_1mer4")]
transform = Transform3D(0.974371, 0, -0.224948, 0, 1, 0, 0.224948, 0, 0.974371, 743.67, 0, 556.28)

[node name="Rock01_130" parent="ScatterTool" instance=ExtResource("13_1mer4")]
transform = Transform3D(-0.488807, 0, 0.872392, 0, 1, 0, -0.872392, 0, -0.488807, 278.746, 0, -355.909)

[node name="Rock01_131" parent="ScatterTool" instance=ExtResource("13_1mer4")]
transform = Transform3D(0.0646403, 0, 0.997909, 0, 1, 0, -0.997909, 0, 0.0646403, -223.961, 0, 427.318)

[node name="Rock01_132" parent="ScatterTool" instance=ExtResource("13_1mer4")]
transform = Transform3D(-0.740852, 0, 0.671669, 0, 1, 0, -0.671669, 0, -0.740852, -299.366, 0, 399.756)

[node name="Rock01_133" parent="ScatterTool" instance=ExtResource("13_1mer4")]
transform = Transform3D(0.522728, 0, -0.852499, 0, 1, 0, 0.852499, 0, 0.522728, 407.708, 0, -240.785)

[node name="Rock01_134" parent="ScatterTool" instance=ExtResource("13_1mer4")]
transform = Transform3D(-0.51755, 0, 0.855653, 0, 1, 0, -0.855653, 0, -0.51755, -648.47, 0, -639.265)

[node name="Rock01_135" parent="ScatterTool" instance=ExtResource("13_1mer4")]
transform = Transform3D(0.171249, 0, -0.985228, 0, 1, 0, 0.985228, 0, 0.171249, 430.529, 0, -92.0305)

[node name="Rock01_136" parent="ScatterTool" instance=ExtResource("13_1mer4")]
transform = Transform3D(-0.967052, 0, -0.254578, 0, 1, 0, 0.254578, 0, -0.967052, 795.98, 0, 711.767)

[node name="Rock01_137" parent="ScatterTool" instance=ExtResource("13_1mer4")]
transform = Transform3D(0.817866, 0, 0.575409, 0, 1, 0, -0.575409, 0, 0.817866, 599.028, 0, -745.229)

[node name="Rock01_138" parent="ScatterTool" instance=ExtResource("13_1mer4")]
transform = Transform3D(0.936608, 0, 0.350378, 0, 1, 0, -0.350378, 0, 0.936608, 73.9965, 0, 513.114)

[node name="Rock01_139" parent="ScatterTool" instance=ExtResource("13_1mer4")]
transform = Transform3D(-0.204388, 0, -0.97889, 0, 1, 0, 0.97889, 0, -0.204388, 441.109, 0, -789.033)

[node name="Rock01_140" parent="ScatterTool" instance=ExtResource("13_1mer4")]
transform = Transform3D(0.855581, 0, -0.517668, 0, 1, 0, 0.517668, 0, 0.855581, -399.51, 0, 638.07)

[node name="Rock01_141" parent="ScatterTool" instance=ExtResource("13_1mer4")]
transform = Transform3D(0.858502, 0, 0.51281, 0, 1, 0, -0.51281, 0, 0.858502, -764.872, 0, -207.705)

[node name="Rock01_142" parent="ScatterTool" instance=ExtResource("13_1mer4")]
transform = Transform3D(0.175715, 0, -0.984441, 0, 1, 0, 0.984441, 0, 0.175715, 676.493, 0, 791.357)

[node name="Rock01_143" parent="ScatterTool" instance=ExtResource("13_1mer4")]
transform = Transform3D(-0.927763, 0, 0.373169, 0, 1, 0, -0.373169, 0, -0.927763, -123.743, 0, -531.041)

[node name="Rock01_144" parent="ScatterTool" instance=ExtResource("13_1mer4")]
transform = Transform3D(0.759396, 0, -0.650629, 0, 1, 0, 0.650629, 0, 0.759396, 399.039, 0, 452.577)

[node name="Rock01_145" parent="ScatterTool" instance=ExtResource("13_1mer4")]
transform = Transform3D(0.986139, 0, 0.165919, 0, 1, 0, -0.165919, 0, 0.986139, 484.345, 0, 281.038)

[node name="Rock01_146" parent="ScatterTool" instance=ExtResource("13_1mer4")]
transform = Transform3D(0.996902, 0, -0.0786587, 0, 1, 0, 0.0786587, 0, 0.996902, -534.673, 0, 711.807)

[node name="Rock01_147" parent="ScatterTool" instance=ExtResource("13_1mer4")]
transform = Transform3D(-0.824839, 0, -0.565367, 0, 1, 0, 0.565367, 0, -0.824839, -123.156, 0, -594.151)

[node name="Rock01_148" parent="ScatterTool" instance=ExtResource("13_1mer4")]
transform = Transform3D(0.900505, 0, -0.434846, 0, 1, 0, 0.434846, 0, 0.900505, 124.004, 0, -18.8076)

[node name="Rock01_149" parent="ScatterTool" instance=ExtResource("13_1mer4")]
transform = Transform3D(0.426083, 0, 0.904684, 0, 1, 0, -0.904684, 0, 0.426083, 306.907, 0, 128.212)

[node name="Rock01_150" parent="ScatterTool" instance=ExtResource("13_1mer4")]
transform = Transform3D(0.623259, 0, 0.782016, 0, 1, 0, -0.782016, 0, 0.623259, -121.079, 0, -609.916)

[node name="Rock01_151" parent="ScatterTool" instance=ExtResource("13_1mer4")]
transform = Transform3D(-0.952469, 0, 0.304636, 0, 1, 0, -0.304636, 0, -0.952469, -39.4246, 0, -497.793)

[node name="Rock01_152" parent="ScatterTool" instance=ExtResource("13_1mer4")]
transform = Transform3D(0.0881965, 0, -0.996103, 0, 1, 0, 0.996103, 0, 0.0881965, -200.722, 0, 414.979)

[node name="Rock01_153" parent="ScatterTool" instance=ExtResource("13_1mer4")]
transform = Transform3D(0.567221, 0, -0.823565, 0, 1, 0, 0.823565, 0, 0.567221, 343.025, 0, -479.579)

[node name="Rock01_154" parent="ScatterTool" instance=ExtResource("13_1mer4")]
transform = Transform3D(-0.351078, 0, 0.936346, 0, 1, 0, -0.936346, 0, -0.351078, 583.686, 0, -507.217)

[node name="Rock01_155" parent="ScatterTool" instance=ExtResource("13_1mer4")]
transform = Transform3D(0.955967, 0, 0.293473, 0, 1, 0, -0.293473, 0, 0.955967, -523.619, 0, 255.304)

[node name="Rock01_156" parent="ScatterTool" instance=ExtResource("13_1mer4")]
transform = Transform3D(0.995736, 0, 0.092245, 0, 1, 0, -0.092245, 0, 0.995736, 15.618, 0, -92.8543)

[node name="Rock01_157" parent="ScatterTool" instance=ExtResource("13_1mer4")]
transform = Transform3D(0.442785, 0, -0.896628, 0, 1, 0, 0.896628, 0, 0.442785, 229.853, 0, 345.823)

[node name="Rock01_158" parent="ScatterTool" instance=ExtResource("13_1mer4")]
transform = Transform3D(0.944114, 0, 0.329619, 0, 1, 0, -0.329619, 0, 0.944114, 210.845, 0, -767.446)

[node name="Rock01_159" parent="ScatterTool" instance=ExtResource("13_1mer4")]
transform = Transform3D(-0.964397, 0, -0.264459, 0, 1, 0, 0.264459, 0, -0.964397, -370.029, 0, 354.019)

[node name="Rock01_160" parent="ScatterTool" instance=ExtResource("13_1mer4")]
transform = Transform3D(0.912753, 0, 0.408511, 0, 1, 0, -0.408511, 0, 0.912753, 789.214, 0, -104.414)

[node name="Rock01_161" parent="ScatterTool" instance=ExtResource("13_1mer4")]
transform = Transform3D(0.588913, 0, 0.808197, 0, 1, 0, -0.808197, 0, 0.588913, 138.287, 0, 598.004)

[node name="Rock01_162" parent="ScatterTool" instance=ExtResource("13_1mer4")]
transform = Transform3D(-0.55206, 0, -0.833804, 0, 1, 0, 0.833804, 0, -0.55206, 164.185, 0, -475.432)

[node name="Rock01_163" parent="ScatterTool" instance=ExtResource("13_1mer4")]
transform = Transform3D(-0.253793, 0, -0.967259, 0, 1, 0, 0.967259, 0, -0.253793, -451.295, 0, -137.326)

[node name="Rock01_164" parent="ScatterTool" instance=ExtResource("13_1mer4")]
transform = Transform3D(-0.549851, 0, -0.835263, 0, 1, 0, 0.835263, 0, -0.549851, 690.068, 0, -252.187)

[node name="Rock01_165" parent="ScatterTool" instance=ExtResource("13_1mer4")]
transform = Transform3D(-0.229551, 0, 0.973297, 0, 1, 0, -0.973297, 0, -0.229551, -269.11, 0, 438.739)

[node name="Rock01_166" parent="ScatterTool" instance=ExtResource("13_1mer4")]
transform = Transform3D(-0.95643, 0, -0.291963, 0, 1, 0, 0.291963, 0, -0.95643, -382.828, 0, 254.49)

[node name="Rock01_167" parent="ScatterTool" instance=ExtResource("13_1mer4")]
transform = Transform3D(-0.989197, 0, 0.146594, 0, 1, 0, -0.146594, 0, -0.989197, -79.7495, 0, 409.198)

[node name="Rock01_168" parent="ScatterTool" instance=ExtResource("13_1mer4")]
transform = Transform3D(-0.949133, 0, 0.314874, 0, 1, 0, -0.314874, 0, -0.949133, -500.506, 0, 174.332)

[node name="Rock01_169" parent="ScatterTool" instance=ExtResource("13_1mer4")]
transform = Transform3D(-0.231105, 0, -0.972929, 0, 1, 0, 0.972929, 0, -0.231105, 795.192, 0, 134.927)

[node name="Rock01_170" parent="ScatterTool" instance=ExtResource("13_1mer4")]
transform = Transform3D(-0.457467, 0, -0.889226, 0, 1, 0, 0.889226, 0, -0.457467, 318.983, 0, 86.7538)

[node name="Rock01_171" parent="ScatterTool" instance=ExtResource("13_1mer4")]
transform = Transform3D(0.420901, 0, 0.907107, 0, 1, 0, -0.907107, 0, 0.420901, -653.611, 0, 147.381)

[node name="Rock01_172" parent="ScatterTool" instance=ExtResource("13_1mer4")]
transform = Transform3D(-0.352824, 0, 0.93569, 0, 1, 0, -0.93569, 0, -0.352824, 478.15, 0, 707.018)

[node name="Rock01_173" parent="ScatterTool" instance=ExtResource("13_1mer4")]
transform = Transform3D(0.903638, 0, 0.428296, 0, 1, 0, -0.428296, 0, 0.903638, -585.057, 0, -470.334)

[node name="Rock01_174" parent="ScatterTool" instance=ExtResource("13_1mer4")]
transform = Transform3D(-0.999871, 0, -0.016076, 0, 1, 0, 0.016076, 0, -0.999871, -234.701, 0, 370.639)

[node name="Rock01_175" parent="ScatterTool" instance=ExtResource("13_1mer4")]
transform = Transform3D(-0.629501, 0, -0.777, 0, 1, 0, 0.777, 0, -0.629501, 533.332, 0, 447.201)

[node name="Rock01_176" parent="ScatterTool" instance=ExtResource("13_1mer4")]
transform = Transform3D(-0.154546, 0, -0.987986, 0, 1, 0, 0.987986, 0, -0.154546, 430.822, 0, -256.366)

[node name="Rock01_177" parent="ScatterTool" instance=ExtResource("13_1mer4")]
transform = Transform3D(0.913024, 0, 0.407905, 0, 1, 0, -0.407905, 0, 0.913024, -597.1, 0, -589.35)

[node name="Rock01_178" parent="ScatterTool" instance=ExtResource("13_1mer4")]
transform = Transform3D(0.330661, 0, 0.94375, 0, 1, 0, -0.94375, 0, 0.330661, 74.4984, 0, -421.182)

[node name="Rock01_179" parent="ScatterTool" instance=ExtResource("13_1mer4")]
transform = Transform3D(0.992936, 0, -0.118648, 0, 1, 0, 0.118648, 0, 0.992936, -241.738, 0, -650.163)

[node name="Rock01_180" parent="ScatterTool" instance=ExtResource("13_1mer4")]
transform = Transform3D(0.778654, 0, -0.627453, 0, 1, 0, 0.627453, 0, 0.778654, 362.968, 0, 10.3148)

[node name="Rock01_181" parent="ScatterTool" instance=ExtResource("13_1mer4")]
transform = Transform3D(-0.997245, 0, 0.074179, 0, 1, 0, -0.074179, 0, -0.997245, 306.459, 0, -434.905)

[node name="Rock01_182" parent="ScatterTool" instance=ExtResource("13_1mer4")]
transform = Transform3D(0.995157, 0, -0.0983007, 0, 1, 0, 0.0983007, 0, 0.995157, -449.628, 0, 298.12)

[node name="Rock01_183" parent="ScatterTool" instance=ExtResource("13_1mer4")]
transform = Transform3D(-0.545739, 0, 0.837956, 0, 1, 0, -0.837956, 0, -0.545739, 624.107, 0, 527.699)

[node name="Rock01_184" parent="ScatterTool" instance=ExtResource("13_1mer4")]
transform = Transform3D(-0.996982, 0, 0.0776365, 0, 1, 0, -0.0776365, 0, -0.996982, 282.9, 0, 373.028)

[node name="Rock01_185" parent="ScatterTool" instance=ExtResource("13_1mer4")]
transform = Transform3D(0.93302, 0, -0.359825, 0, 1, 0, 0.359825, 0, 0.93302, 664.853, 0, -336.772)

[node name="Rock01_186" parent="ScatterTool" instance=ExtResource("13_1mer4")]
transform = Transform3D(-0.441819, 0, -0.897104, 0, 1, 0, 0.897104, 0, -0.441819, -5.22087, 0, 760.454)

[node name="Rock01_187" parent="ScatterTool" instance=ExtResource("13_1mer4")]
transform = Transform3D(-0.998728, 0, 0.050416, 0, 1, 0, -0.050416, 0, -0.998728, 95.7912, 0, 386.044)

[node name="Rock01_188" parent="ScatterTool" instance=ExtResource("13_1mer4")]
transform = Transform3D(0.888587, 0, -0.458708, 0, 1, 0, 0.458708, 0, 0.888587, 646.612, 0, -161.579)

[node name="Rock01_189" parent="ScatterTool" instance=ExtResource("13_1mer4")]
transform = Transform3D(0.79678, 0, 0.60427, 0, 1, 0, -0.60427, 0, 0.79678, 785.795, 0, -267.123)

[node name="Rock01_190" parent="ScatterTool" instance=ExtResource("13_1mer4")]
transform = Transform3D(-0.0269657, 0, 0.999636, 0, 1, 0, -0.999636, 0, -0.0269657, -471.492, 0, -761.49)

[node name="Rock01_191" parent="ScatterTool" instance=ExtResource("13_1mer4")]
transform = Transform3D(-0.235819, 0, 0.971797, 0, 1, 0, -0.971797, 0, -0.235819, -79.0132, 0, -16.5321)

[node name="Rock01_192" parent="ScatterTool" instance=ExtResource("13_1mer4")]
